	2.0	3.0	4.0	5.0	6.0	7.0	8.0	9.0	10.0	11.0	12.0	13.0	14.0	15.0	16.0	17.0	18.0	19.0	20.0	21.0	22.0	23.0	24.0	25.0	26.0	27.0	28.0	29.0	30.0	31.0	32.0	33.0	34.0	35.0	36.0	37.0	38.0	39.0
Res2_RNA_A1_1	1501.0	375.0	187.0	114.0	133.0	167.0	211.0	245.0	283.0	365.0	548.0	697.0	1006.0	1235.0	1623.0	2315.0	3030.0	4147.0	5703.0	7908.0	10791.0	16622.0	24878.0	38257.0	56457.0	80865.0	111711.0	149787.0	199900.0	261535.0	346938.0	467655.0	664004.0	1046742.0	2210502.0	6214101.0	2240822.0	5740591.0
	2.0	3.0	4.0	5.0	6.0	7.0	8.0	9.0	10.0	11.0	12.0	13.0	14.0	15.0	16.0	17.0	18.0	19.0	20.0	21.0	22.0	23.0	24.0	25.0	26.0	27.0	28.0	29.0	30.0	31.0	32.0	33.0	34.0	35.0	36.0	37.0	38.0	39.0
Res2_RNA_A1_2	55114.0	16570.0	8312.0	6401.0	4981.0	4251.0	4164.0	4342.0	5037.0	5472.0	5694.0	6933.0	8169.0	10452.0	13595.0	21104.0	33473.0	20250.0	24898.0	30219.0	38240.0	49236.0	63419.0	81347.0	103661.0	130407.0	161969.0	202838.0	255855.0	325543.0	424509.0	571817.0	813622.0	1280728.0	2521409.0	5220168.0	3112655.0	4267097.0
	2.0	3.0	4.0	5.0	6.0	7.0	8.0	9.0	10.0	11.0	12.0	13.0	14.0	15.0	16.0	17.0	18.0	19.0	20.0	21.0	22.0	23.0	24.0	25.0	26.0	27.0	28.0	29.0	30.0	31.0	32.0	33.0	34.0	35.0	36.0	37.0	38.0	39.0
Res2_RNA_A2_1	1526.0	372.0	114.0	81.0	61.0	71.0	150.0	161.0	194.0	272.0	351.0	425.0	686.0	1000.0	1452.0	1934.0	2697.0	3615.0	4830.0	6516.0	9556.0	13892.0	21720.0	33631.0	50773.0	73613.0	102648.0	139414.0	186480.0	246587.0	327795.0	447509.0	638434.0	1013208.0	2199386.0	6076168.0	2319594.0	6102353.0
	2.0	3.0	4.0	5.0	6.0	7.0	8.0	9.0	10.0	11.0	12.0	13.0	14.0	15.0	16.0	17.0	18.0	19.0	20.0	21.0	22.0	23.0	24.0	25.0	26.0	27.0	28.0	29.0	30.0	31.0	32.0	33.0	34.0	35.0	36.0	37.0	38.0	39.0
Res2_RNA_A2_2	60385.0	18786.0	9998.0	7113.0	5725.0	4878.0	4759.0	5090.0	5608.0	5956.0	6384.0	7409.0	9172.0	11548.0	14790.0	22700.0	36231.0	22836.0	27962.0	34342.0	43199.0	55372.0	70047.0	87737.0	109063.0	136667.0	168166.0	207455.0	258690.0	325752.0	420695.0	563587.0	800852.0	1266034.0	2505329.0	4812029.0	3243377.0	4633546.0
	2.0	3.0	4.0	5.0	6.0	7.0	8.0	9.0	10.0	11.0	12.0	13.0	14.0	15.0	16.0	17.0	18.0	19.0	20.0	21.0	22.0	23.0	24.0	25.0	26.0	27.0	28.0	29.0	30.0	31.0	32.0	33.0	34.0	35.0	36.0	37.0
Res2_RNA_A3_1	829.0	183.0	53.0	54.0	39.0	84.0	103.0	126.0	223.0	274.0	353.0	433.0	539.0	687.0	1014.0	1520.0	2382.0	3571.0	4934.0	7517.0	12167.0	19410.0	34065.0	58758.0	95591.0	145664.0	210474.0	286767.0	382778.0	505945.0	693999.0	1033972.0	1842854.0	2675459.0	2458543.0	7733127.0
	2.0	3.0	4.0	5.0	6.0	7.0	8.0	9.0	10.0	11.0	12.0	13.0	14.0	15.0	16.0	17.0	18.0	19.0	20.0	21.0	22.0	23.0	24.0	25.0	26.0	27.0	28.0	29.0	30.0	31.0	32.0	33.0	34.0	35.0	36.0	37.0
Res2_RNA_A3_2	48276.0	9324.0	4908.0	3383.0	2822.0	2688.0	2658.0	2910.0	3409.0	3829.0	4367.0	5323.0	7663.0	15402.0	22191.0	24410.0	25671.0	28612.0	32647.0	39145.0	49824.0	66052.0	89064.0	119121.0	158269.0	207540.0	267539.0	342838.0	437107.0	565869.0	756250.0	1098201.0	1942782.0	3182210.0	2822688.0	5819499.0
	2.0	3.0	4.0	5.0	6.0	7.0	8.0	9.0	10.0	11.0	12.0	13.0	14.0	15.0	16.0	17.0	18.0	19.0	20.0	21.0	22.0	23.0	24.0	25.0	26.0	27.0	28.0	29.0	30.0	31.0	32.0	33.0	34.0	35.0	36.0	37.0
Res2_RNA_A4_1	3680.0	943.0	207.0	107.0	106.0	103.0	134.0	185.0	213.0	275.0	342.0	493.0	581.0	847.0	1193.0	1826.0	2930.0	4234.0	5855.0	8345.0	14609.0	18624.0	32539.0	58405.0	98898.0	158463.0	237987.0	338958.0	469661.0	645781.0	914697.0	1406387.0	2547237.0	3346099.0	2287060.0	5893519.0
	2.0	3.0	4.0	5.0	6.0	7.0	8.0	9.0	10.0	11.0	12.0	13.0	14.0	15.0	16.0	17.0	18.0	19.0	20.0	21.0	22.0	23.0	24.0	25.0	26.0	27.0	28.0	29.0	30.0	31.0	32.0	33.0	34.0	35.0	36.0	37.0
Res2_RNA_A4_2	44560.0	9982.0	5485.0	3935.0	3293.0	3123.0	3357.0	3640.0	4256.0	4839.0	5727.0	6819.0	10598.0	26194.0	41053.0	44657.0	42502.0	41816.0	42311.0	48222.0	58792.0	75181.0	99049.0	134454.0	181884.0	244040.0	323014.0	423655.0	551733.0	728194.0	991813.0	1466018.0	2599873.0	3866025.0	2392574.0	3968855.0
	2.0	3.0	4.0	5.0	6.0	7.0	8.0	9.0	10.0	11.0	12.0	13.0	14.0	15.0	16.0	17.0	18.0	19.0	20.0	21.0	22.0	23.0	24.0	25.0	26.0	27.0	28.0	29.0	30.0	31.0	32.0	33.0	34.0	35.0	36.0	37.0
Res2_RNA_A5_1	4702.0	553.0	29.0	44.0	62.0	108.0	180.0	229.0	262.0	313.0	431.0	564.0	776.0	1000.0	1383.0	2132.0	3068.0	4574.0	6273.0	9091.0	15052.0	24638.0	43267.0	74156.0	120639.0	182512.0	259682.0	353671.0	469263.0	623025.0	859001.0	1281396.0	2252669.0	3124678.0	3123069.0	6145917.0
	2.0	3.0	4.0	5.0	6.0	7.0	8.0	9.0	10.0	11.0	12.0	13.0	14.0	15.0	16.0	17.0	18.0	19.0	20.0	21.0	22.0	23.0	24.0	25.0	26.0	27.0	28.0	29.0	30.0	31.0	32.0	33.0	34.0	35.0	36.0	37.0
Res2_RNA_A5_2	51832.0	13929.0	7556.0	5500.0	4689.0	4227.0	4286.0	4552.0	5545.0	6452.0	7351.0	9039.0	13670.0	30044.0	45863.0	50250.0	48884.0	49796.0	52647.0	60099.0	74118.0	95694.0	125454.0	164687.0	214849.0	276133.0	349642.0	441126.0	555635.0	705749.0	934562.0	1344458.0	2314154.0	3509485.0	2762860.0	4643592.0
	2.0	3.0	4.0	5.0	6.0	7.0	8.0	9.0	10.0	11.0	12.0	13.0	14.0	15.0	16.0	17.0	18.0	19.0	20.0	21.0	22.0	23.0	24.0	25.0	26.0	27.0	28.0	29.0	30.0	31.0	32.0	33.0	34.0	35.0	36.0	37.0
Res2_RNA_A6_1	2316.0	604.0	241.0	141.0	149.0	145.0	178.0	203.0	269.0	363.0	497.0	575.0	679.0	994.0	1536.0	2191.0	3230.0	4392.0	6185.0	8869.0	13758.0	20600.0	33888.0	56591.0	91228.0	139049.0	203154.0	281357.0	380727.0	510651.0	710190.0	1058635.0	1918339.0	2651809.0	1969848.0	6786032.0
	2.0	3.0	4.0	5.0	6.0	7.0	8.0	9.0	10.0	11.0	12.0	13.0	14.0	15.0	16.0	17.0	18.0	19.0	20.0	21.0	22.0	23.0	24.0	25.0	26.0	27.0	28.0	29.0	30.0	31.0	32.0	33.0	34.0	35.0	36.0	37.0
Res2_RNA_A6_2	47710.0	10789.0	5837.0	3820.0	3134.0	2971.0	2946.0	3053.0	3541.0	3960.0	4456.0	5154.0	8346.0	21138.0	32183.0	34098.0	31577.0	30956.0	31537.0	34481.0	42072.0	53278.0	70853.0	94509.0	127894.0	171666.0	228329.0	300357.0	395071.0	524550.0	714699.0	1061101.0	1930273.0	3216581.0	2365562.0	5241131.0
	2.0	3.0	4.0	5.0	6.0	7.0	8.0	9.0	10.0	11.0	12.0	13.0	14.0	15.0	16.0	17.0	18.0	19.0	20.0	21.0	22.0	23.0	24.0	25.0	26.0	27.0	28.0	29.0	30.0	31.0	32.0	33.0	34.0	35.0	36.0	37.0	38.0	39.0
Res2_RNA_B1_1	942.0	172.0	51.0	44.0	64.0	96.0	137.0	190.0	202.0	263.0	378.0	483.0	635.0	921.0	1210.0	1558.0	2224.0	3045.0	4143.0	5720.0	9084.0	13082.0	20959.0	33331.0	51090.0	75404.0	106128.0	146710.0	196207.0	263045.0	352250.0	484303.0	698525.0	1124934.0	2410838.0	6352911.0	2302013.0	6055302.0
	2.0	3.0	4.0	5.0	6.0	7.0	8.0	9.0	10.0	11.0	12.0	13.0	14.0	15.0	16.0	17.0	18.0	19.0	20.0	21.0	22.0	23.0	24.0	25.0	26.0	27.0	28.0	29.0	30.0	31.0	32.0	33.0	34.0	35.0	36.0	37.0	38.0	39.0
Res2_RNA_B1_2	48337.0	13041.0	6790.0	5152.0	4254.0	3692.0	3672.0	3944.0	4251.0	4701.0	5045.0	6271.0	7752.0	9877.0	12820.0	20581.0	34006.0	20664.0	25778.0	32896.0	41398.0	53993.0	69246.0	88813.0	111750.0	139332.0	173440.0	216932.0	271205.0	343519.0	446593.0	599106.0	852159.0	1346095.0	2673646.0	5233840.0	3161304.0	4622699.0
	2.0	3.0	4.0	5.0	6.0	7.0	8.0	9.0	10.0	11.0	12.0	13.0	14.0	15.0	16.0	17.0	18.0	19.0	20.0	21.0	22.0	23.0	24.0	25.0	26.0	27.0	28.0	29.0	30.0	31.0	32.0	33.0	34.0	35.0	36.0	37.0
Res2_RNA_B2_1	1301.0	306.0	100.0	69.0	68.0	97.0	126.0	152.0	218.0	289.0	374.0	478.0	604.0	900.0	1224.0	1848.0	2765.0	3954.0	5783.0	8023.0	11884.0	16880.0	26485.0	42745.0	67380.0	101862.0	146098.0	201988.0	271579.0	365858.0	501280.0	733977.0	1250571.0	1842622.0	2247330.0	7727391.0
	2.0	3.0	4.0	5.0	6.0	7.0	8.0	9.0	10.0	11.0	12.0	13.0	14.0	15.0	16.0	17.0	18.0	19.0	20.0	21.0	22.0	23.0	24.0	25.0	26.0	27.0	28.0	29.0	30.0	31.0	32.0	33.0	34.0	35.0	36.0	37.0
Res2_RNA_B2_2	47828.0	10133.0	5181.0	3767.0	3151.0	3039.0	3099.0	3415.0	4014.0	4633.0	5535.0	6821.0	9579.0	15218.0	20873.0	24145.0	27320.0	31610.0	37104.0	44485.0	55363.0	70940.0	91368.0	117005.0	148930.0	188854.0	238402.0	299479.0	376954.0	481218.0	632623.0	887757.0	1449803.0	2282250.0	2753157.0	5199556.0
	2.0	3.0	4.0	5.0	6.0	7.0	8.0	9.0	10.0	11.0	12.0	13.0	14.0	15.0	16.0	17.0	18.0	19.0	20.0	21.0	22.0	23.0	24.0	25.0	26.0	27.0	28.0	29.0	30.0	31.0	32.0	33.0	34.0	35.0	36.0	37.0
Res2_RNA_B3_1	1581.0	472.0	187.0	129.0	130.0	170.0	186.0	253.0	306.0	432.0	472.0	645.0	949.0	1401.0	1980.0	2876.0	3992.0	5612.0	7647.0	10137.0	14304.0	20284.0	30005.0	44316.0	63340.0	87570.0	116559.0	152797.0	197307.0	254271.0	332633.0	449370.0	646019.0	1065835.0	2512763.0	8349089.0
	2.0	3.0	4.0	5.0	6.0	7.0	8.0	9.0	10.0	11.0	12.0	13.0	14.0	15.0	16.0	17.0	18.0	19.0	20.0	21.0	22.0	23.0	24.0	25.0	26.0	27.0	28.0	29.0	30.0	31.0	32.0	33.0	34.0	35.0	36.0	37.0
Res2_RNA_B3_2	56834.0	13151.0	6921.0	4884.0	4005.0	3582.0	3652.0	3757.0	4243.0	4768.0	5443.0	6519.0	8421.0	10832.0	13337.0	16105.0	19521.0	24137.0	29465.0	34886.0	44518.0	57013.0	72513.0	91672.0	115142.0	141629.0	173149.0	212552.0	261840.0	326645.0	419113.0	558181.0	799572.0	1305427.0	2849211.0	6673379.0
	2.0	3.0	4.0	5.0	6.0	7.0	8.0	9.0	10.0	11.0	12.0	13.0	14.0	15.0	16.0	17.0	18.0	19.0	20.0	21.0	22.0	23.0	24.0	25.0	26.0	27.0	28.0	29.0	30.0	31.0	32.0	33.0	34.0	35.0	36.0	37.0
Res2_RNA_B4_1	1877.0	361.0	62.0	44.0	52.0	75.0	99.0	128.0	185.0	239.0	338.0	483.0	706.0	960.0	1401.0	2109.0	3032.0	4251.0	5720.0	8002.0	12236.0	19835.0	34378.0	59476.0	97149.0	148742.0	214199.0	293658.0	389017.0	516945.0	710141.0	1065013.0	1907306.0	2644726.0	2145627.0	6233262.0
	2.0	3.0	4.0	5.0	6.0	7.0	8.0	9.0	10.0	11.0	12.0	13.0	14.0	15.0	16.0	17.0	18.0	19.0	20.0	21.0	22.0	23.0	24.0	25.0	26.0	27.0	28.0	29.0	30.0	31.0	32.0	33.0	34.0	35.0	36.0	37.0
Res2_RNA_B4_2	45579.0	10485.0	5678.0	4086.0	3486.0	3386.0	3501.0	3866.0	4279.0	5209.0	6228.0	7521.0	10917.0	19134.0	29067.0	35044.0	38340.0	42863.0	49590.0	62083.0	82522.0	114601.0	160241.0	218357.0	292841.0	380507.0	486753.0	611404.0	758709.0	933589.0	1135101.0	1367877.0	1615477.0	1678677.0	2501251.0	3793585.0
	2.0	3.0	4.0	5.0	6.0	7.0	8.0	9.0	10.0	11.0	12.0	13.0	14.0	15.0	16.0	17.0	18.0	19.0	20.0	21.0	22.0	23.0	24.0	25.0	26.0	27.0	28.0	29.0	30.0	31.0	32.0	33.0	34.0	35.0	36.0	37.0
Res2_RNA_B5_1	609.0	268.0	77.0	54.0	62.0	71.0	130.0	140.0	198.0	262.0	303.0	430.0	567.0	762.0	1129.0	1629.0	2406.0	3581.0	5055.0	7427.0	11728.0	17729.0	28588.0	46340.0	73072.0	108389.0	154017.0	209573.0	278240.0	369337.0	503891.0	738124.0	1257193.0	1792876.0	2291629.0	6584063.0
	2.0	3.0	4.0	5.0	6.0	7.0	8.0	9.0	10.0	11.0	12.0	13.0	14.0	15.0	16.0	17.0	18.0	19.0	20.0	21.0	22.0	23.0	24.0	25.0	26.0	27.0	28.0	29.0	30.0	31.0	32.0	33.0	34.0	35.0	36.0	37.0
Res2_RNA_B5_2	50101.0	13011.0	6783.0	4629.0	3772.0	3464.0	3401.0	3797.0	4106.0	4750.0	5563.0	6782.0	8950.0	15471.0	21554.0	25158.0	27256.0	31050.0	35608.0	41733.0	52603.0	68148.0	89863.0	116649.0	149425.0	190904.0	240266.0	297926.0	374531.0	476945.0	628359.0	884479.0	1377709.0	1902839.0	2516369.0	4805995.0
	2.0	3.0	4.0	5.0	6.0	7.0	8.0	9.0	10.0	11.0	12.0	13.0	14.0	15.0	16.0	17.0	18.0	19.0	20.0	21.0	22.0	23.0	24.0	25.0	26.0	27.0	28.0	29.0	30.0	31.0	32.0	33.0	34.0	35.0	36.0	37.0
Res2_RNA_B6_1	2860.0	1045.0	215.0	122.0	92.0	158.0	177.0	229.0	289.0	358.0	482.0	655.0	839.0	1130.0	1704.0	2371.0	3176.0	4691.0	6332.0	8850.0	13562.0	17734.0	26883.0	42242.0	63555.0	92134.0	128582.0	173954.0	232537.0	309747.0	422476.0	604623.0	967602.0	1508295.0	2986727.0	7603966.0
	2.0	3.0	4.0	5.0	6.0	7.0	8.0	9.0	10.0	11.0	12.0	13.0	14.0	15.0	16.0	17.0	18.0	19.0	20.0	21.0	22.0	23.0	24.0	25.0	26.0	27.0	28.0	29.0	30.0	31.0	32.0	33.0	34.0	35.0	36.0	37.0
Res2_RNA_B6_2	50838.0	10743.0	5996.0	4450.0	4048.0	3923.0	4251.0	4707.0	5518.0	6546.0	7744.0	9969.0	12801.0	17323.0	22405.0	27179.0	31918.0	38206.0	45323.0	54524.0	67709.0	85402.0	107124.0	134732.0	167748.0	206305.0	253039.0	309721.0	380479.0	476904.0	614477.0	831880.0	1245455.0	1895671.0	3072079.0	5013257.0
	2.0	3.0	4.0	5.0	6.0	7.0	8.0	9.0	10.0	11.0	12.0	13.0	14.0	15.0	16.0	17.0	18.0	19.0	20.0	21.0	22.0	23.0	24.0	25.0	26.0	27.0	28.0	29.0	30.0	31.0	32.0	33.0	34.0	35.0	36.0	37.0	38.0	39.0
Res2_RNA_C1_1	3283.0	514.0	54.0	42.0	73.0	79.0	110.0	145.0	180.0	272.0	344.0	444.0	592.0	849.0	1068.0	1563.0	2239.0	3043.0	4407.0	6217.0	9139.0	13886.0	22211.0	35025.0	53852.0	79618.0	112829.0	156643.0	212002.0	284649.0	385731.0	548586.0	847962.0	1345577.0	2744928.0	5567675.0	1772741.0	5285866.0
	2.0	3.0	4.0	5.0	6.0	7.0	8.0	9.0	10.0	11.0	12.0	13.0	14.0	15.0	16.0	17.0	18.0	19.0	20.0	21.0	22.0	23.0	24.0	25.0	26.0	27.0	28.0	29.0	30.0	31.0	32.0	33.0	34.0	35.0	36.0	37.0	38.0	39.0
Res2_RNA_C1_2	59774.0	15987.0	9526.0	6912.0	5797.0	5225.0	5215.0	5552.0	5978.0	6623.0	7605.0	9166.0	11462.0	16116.0	23905.0	29181.0	42065.0	31511.0	37191.0	44678.0	54450.0	68011.0	85587.0	107325.0	133217.0	163643.0	201533.0	248159.0	306537.0	386187.0	499373.0	673878.0	974914.0	1430467.0	2495332.0	4384136.0	2395506.0	4516714.0
	2.0	3.0	4.0	5.0	6.0	7.0	8.0	9.0	10.0	11.0	12.0	13.0	14.0	15.0	16.0	17.0	18.0	19.0	20.0	21.0	22.0	23.0	24.0	25.0	26.0	27.0	28.0	29.0	30.0	31.0	32.0	33.0	34.0	35.0	36.0	37.0
Res2_RNA_C2_1	1082.0	449.0	183.0	105.0	107.0	109.0	164.0	210.0	250.0	300.0	462.0	613.0	827.0	1145.0	1534.0	2352.0	3197.0	4708.0	6605.0	9417.0	15157.0	19869.0	28745.0	43143.0	64754.0	92523.0	127851.0	171886.0	227898.0	300783.0	402699.0	567783.0	902225.0	1376175.0	2352323.0	8190301.0
	2.0	3.0	4.0	5.0	6.0	7.0	8.0	9.0	10.0	11.0	12.0	13.0	14.0	15.0	16.0	17.0	18.0	19.0	20.0	21.0	22.0	23.0	24.0	25.0	26.0	27.0	28.0	29.0	30.0	31.0	32.0	33.0	34.0	35.0	36.0	37.0
Res2_RNA_C2_2	46721.0	7174.0	3435.0	2505.0	2178.0	2161.0	2248.0	2647.0	2933.0	3510.0	4172.0	5195.0	6803.0	9475.0	12226.0	15278.0	18231.0	22731.0	27544.0	33429.0	42633.0	55361.0	71988.0	92376.0	119011.0	151589.0	191623.0	241086.0	303648.0	389160.0	510278.0	708278.0	1086617.0	1728212.0	2873600.0	6121878.0
	2.0	3.0	4.0	5.0	6.0	7.0	8.0	9.0	10.0	11.0	12.0	13.0	14.0	15.0	16.0	17.0	18.0	19.0	20.0	21.0	22.0	23.0	24.0	25.0	26.0	27.0	28.0	29.0	30.0	31.0	32.0	33.0	34.0	35.0	36.0	37.0
Res2_RNA_C3_1	2511.0	186.0	36.0	32.0	49.0	75.0	113.0	120.0	183.0	234.0	331.0	474.0	617.0	822.0	1160.0	1825.0	2768.0	4184.0	5617.0	8095.0	12132.0	19760.0	34744.0	61986.0	106077.0	170268.0	256971.0	364711.0	500177.0	679221.0	955235.0	1469682.0	2768523.0	3845320.0	2074808.0	7008304.0
	2.0	3.0	4.0	5.0	6.0	7.0	8.0	9.0	10.0	11.0	12.0	13.0	14.0	15.0	16.0	17.0	18.0	19.0	20.0	21.0	22.0	23.0	24.0	25.0	26.0	27.0	28.0	29.0	30.0	31.0	32.0	33.0	34.0	35.0	36.0	37.0
Res2_RNA_C3_2	55945.0	16244.0	8765.0	6272.0	5200.0	4802.0	4841.0	5495.0	6167.0	6900.0	8123.0	9846.0	15886.0	42494.0	69246.0	75284.0	70546.0	65154.0	63722.0	68476.0	82273.0	105483.0	141726.0	190212.0	255018.0	337080.0	435944.0	561445.0	720401.0	939922.0	1270581.0	1812005.0	2785251.0	3111371.0	2495698.0	4503533.0
	2.0	3.0	4.0	5.0	6.0	7.0	8.0	9.0	10.0	11.0	12.0	13.0	14.0	15.0	16.0	17.0	18.0	19.0	20.0	21.0	22.0	23.0	24.0	25.0	26.0	27.0	28.0	29.0	30.0	31.0	32.0	33.0	34.0	35.0	36.0	37.0
Res2_RNA_C4_1	980.0	304.0	100.0	77.0	85.0	88.0	177.0	221.0	234.0	281.0	463.0	549.0	774.0	1037.0	1501.0	2053.0	2982.0	3932.0	5560.0	7850.0	11383.0	15779.0	23651.0	34851.0	50111.0	70800.0	96458.0	128124.0	166692.0	217530.0	288225.0	394213.0	570814.0	948928.0	2267282.0	7750044.0
	2.0	3.0	4.0	5.0	6.0	7.0	8.0	9.0	10.0	11.0	12.0	13.0	14.0	15.0	16.0	17.0	18.0	19.0	20.0	21.0	22.0	23.0	24.0	25.0	26.0	27.0	28.0	29.0	30.0	31.0	32.0	33.0	34.0	35.0	36.0	37.0
Res2_RNA_C4_2	49247.0	10613.0	5761.0	4109.0	3498.0	3554.0	3525.0	3849.0	4474.0	5343.0	6494.0	7902.0	9942.0	12845.0	16153.0	19775.0	24472.0	30380.0	36936.0	44715.0	56845.0	71003.0	89285.0	109626.0	133617.0	161922.0	194022.0	234153.0	284098.0	350448.0	442957.0	582950.0	828147.0	1329133.0	2760211.0	5132129.0
	2.0	3.0	4.0	5.0	6.0	7.0	8.0	9.0	10.0	11.0	12.0	13.0	14.0	15.0	16.0	17.0	18.0	19.0	20.0	21.0	22.0	23.0	24.0	25.0	26.0	27.0	28.0	29.0	30.0	31.0	32.0	33.0	34.0	35.0	36.0	37.0
Res2_RNA_C5_1	4862.0	464.0	190.0	109.0	95.0	125.0	140.0	187.0	236.0	291.0	398.0	552.0	833.0	1354.0	2205.0	3763.0	6032.0	8114.0	10355.0	12768.0	17488.0	27006.0	46152.0	77932.0	127747.0	193423.0	277457.0	376396.0	496057.0	651975.0	884201.0	1313276.0	2396289.0	3553918.0	2419665.0	7943934.0
	2.0	3.0	4.0	5.0	6.0	7.0	8.0	9.0	10.0	11.0	12.0	13.0	14.0	15.0	16.0	17.0	18.0	19.0	20.0	21.0	22.0	23.0	24.0	25.0	26.0	27.0	28.0	29.0	30.0	31.0	32.0	33.0	34.0	35.0	36.0	37.0
Res2_RNA_C5_2	65315.0	15395.0	8286.0	5267.0	4199.0	3866.0	3503.0	3550.0	3924.0	4592.0	5267.0	6468.0	11187.0	27415.0	40791.0	41596.0	39904.0	39851.0	42405.0	48349.0	59884.0	77943.0	104029.0	139864.0	188704.0	248773.0	325582.0	418853.0	536691.0	692944.0	933583.0	1366008.0	2469156.0	3929750.0	2743709.0	6199386.0
	2.0	3.0	4.0	5.0	6.0	7.0	8.0	9.0	10.0	11.0	12.0	13.0	14.0	15.0	16.0	17.0	18.0	19.0	20.0	21.0	22.0	23.0	24.0	25.0	26.0	27.0	28.0	29.0	30.0	31.0	32.0	33.0	34.0	35.0	36.0	37.0
Res2_RNA_C6_1	2465.0	575.0	171.0	93.0	90.0	134.0	218.0	258.0	319.0	405.0	511.0	725.0	1100.0	1671.0	2481.0	3398.0	4644.0	6159.0	8167.0	11033.0	15325.0	21523.0	32730.0	50182.0	74682.0	106494.0	148136.0	197699.0	262322.0	345343.0	464977.0	658886.0	1044414.0	1651317.0	3227735.0	8831544.0
	2.0	3.0	4.0	5.0	6.0	7.0	8.0	9.0	10.0	11.0	12.0	13.0	14.0	15.0	16.0	17.0	18.0	19.0	20.0	21.0	22.0	23.0	24.0	25.0	26.0	27.0	28.0	29.0	30.0	31.0	32.0	33.0	34.0	35.0	36.0	37.0
Res2_RNA_C6_2	75246.0	19058.0	9762.0	6886.0	5591.0	5405.0	5336.0	5828.0	6551.0	7443.0	8747.0	10893.0	14520.0	19703.0	25786.0	31061.0	35667.0	41440.0	48157.0	57912.0	72772.0	92350.0	118569.0	148892.0	186091.0	230667.0	283805.0	348249.0	431140.0	541283.0	697243.0	935421.0	1330632.0	1948760.0	3631289.0	5739771.0
	2.0	3.0	4.0	5.0	6.0	7.0	8.0	9.0	10.0	11.0	12.0	13.0	14.0	15.0	16.0	17.0	18.0	19.0	20.0	21.0	22.0	23.0	24.0	25.0	26.0	27.0	28.0	29.0	30.0	31.0	32.0	33.0	34.0	35.0	36.0	37.0
Res2_RNA_D1_1	275.0	231.0	59.0	59.0	49.0	72.0	106.0	145.0	237.0	304.0	377.0	491.0	643.0	905.0	1235.0	1714.0	2488.0	3555.0	5186.0	7150.0	10470.0	14846.0	22125.0	31763.0	46091.0	64264.0	88486.0	118737.0	156325.0	208230.0	280592.0	389787.0	580882.0	998219.0	2443382.0	6856276.0
	2.0	3.0	4.0	5.0	6.0	7.0	8.0	9.0	10.0	11.0	12.0	13.0	14.0	15.0	16.0	17.0	18.0	19.0	20.0	21.0	22.0	23.0	24.0	25.0	26.0	27.0	28.0	29.0	30.0	31.0	32.0	33.0	34.0	35.0	36.0	37.0
Res2_RNA_D1_2	51757.0	12462.0	6502.0	4486.0	3878.0	3353.0	3452.0	3560.0	4049.0	4603.0	5582.0	6791.0	8626.0	10644.0	13070.0	16150.0	19896.0	24434.0	29683.0	34865.0	43962.0	55527.0	69751.0	87251.0	108188.0	132577.0	163117.0	200618.0	248463.0	311664.0	401633.0	540386.0	783547.0	1288171.0	2741435.0	4891623.0
	2.0	3.0	4.0	5.0	6.0	7.0	8.0	9.0	10.0	11.0	12.0	13.0	14.0	15.0	16.0	17.0	18.0	19.0	20.0	21.0	22.0	23.0	24.0	25.0	26.0	27.0	28.0	29.0	30.0	31.0	32.0	33.0	34.0	35.0	36.0	37.0
Res2_RNA_D2_1	3611.0	1196.0	252.0	150.0	92.0	100.0	147.0	170.0	233.0	312.0	372.0	463.0	682.0	982.0	1428.0	2057.0	2804.0	3814.0	5080.0	6705.0	9066.0	11545.0	16758.0	24677.0	35803.0	50434.0	69292.0	93528.0	125828.0	168588.0	229438.0	322252.0	482459.0	842048.0	2192423.0	5360317.0
	2.0	3.0	4.0	5.0	6.0	7.0	8.0	9.0	10.0	11.0	12.0	13.0	14.0	15.0	16.0	17.0	18.0	19.0	20.0	21.0	22.0	23.0	24.0	25.0	26.0	27.0	28.0	29.0	30.0	31.0	32.0	33.0	34.0	35.0	36.0	37.0
Res2_RNA_D2_2	41390.0	8878.0	4413.0	3099.0	2684.0	2652.0	2739.0	2932.0	3340.0	3857.0	4700.0	5738.0	7692.0	10014.0	12632.0	15599.0	18723.0	22837.0	28063.0	33913.0	42397.0	53876.0	67715.0	83806.0	103623.0	126661.0	154773.0	189809.0	233709.0	292298.0	373878.0	496623.0	705424.0	1122962.0	2231802.0	3549855.0
	2.0	3.0	4.0	5.0	6.0	7.0	8.0	9.0	10.0	11.0	12.0	13.0	14.0	15.0	16.0	17.0	18.0	19.0	20.0	21.0	22.0	23.0	24.0	25.0	26.0	27.0	28.0	29.0	30.0	31.0	32.0	33.0	34.0	35.0	36.0	37.0
Res2_RNA_D3_1	3255.0	410.0	18.0	35.0	28.0	48.0	104.0	90.0	152.0	166.0	256.0	334.0	389.0	628.0	902.0	1321.0	1950.0	2771.0	3964.0	5720.0	8642.0	14020.0	24563.0	41958.0	68311.0	105157.0	151549.0	208347.0	277074.0	368773.0	506206.0	751174.0	1316685.0	1952376.0	2311947.0	4715240.0
	2.0	3.0	4.0	5.0	6.0	7.0	8.0	9.0	10.0	11.0	12.0	13.0	14.0	15.0	16.0	17.0	18.0	19.0	20.0	21.0	22.0	23.0	24.0	25.0	26.0	27.0	28.0	29.0	30.0	31.0	32.0	33.0	34.0	35.0	36.0	37.0
Res2_RNA_D3_2	36723.0	8238.0	4513.0	3226.0	2803.0	2713.0	2568.0	2856.0	3334.0	3832.0	4688.0	5829.0	8167.0	14168.0	20124.0	23247.0	25054.0	28450.0	33170.0	40103.0	49930.0	64742.0	84282.0	109081.0	141554.0	181246.0	228937.0	285670.0	358280.0	454727.0	596875.0	846672.0	1415904.0	2156064.0	2063329.0	3533464.0
	2.0	3.0	4.0	5.0	6.0	7.0	8.0	9.0	10.0	11.0	12.0	13.0	14.0	15.0	16.0	17.0	18.0	19.0	20.0	21.0	22.0	23.0	24.0	25.0	26.0	27.0	28.0	29.0	30.0	31.0	32.0	33.0	34.0	35.0	36.0	37.0
Res2_RNA_D4_1	979.0	440.0	176.0	102.0	82.0	109.0	146.0	171.0	204.0	264.0	377.0	469.0	646.0	922.0	1321.0	1830.0	2571.0	3635.0	5039.0	7089.0	10233.0	15051.0	22036.0	32574.0	46561.0	64422.0	87383.0	116360.0	152200.0	197909.0	261477.0	355715.0	514317.0	850148.0	1979315.0	6538142.0
	2.0	3.0	4.0	5.0	6.0	7.0	8.0	9.0	10.0	11.0	12.0	13.0	14.0	15.0	16.0	17.0	18.0	19.0	20.0	21.0	22.0	23.0	24.0	25.0	26.0	27.0	28.0	29.0	30.0	31.0	32.0	33.0	34.0	35.0	36.0	37.0
Res2_RNA_D4_2	46581.0	10704.0	5482.0	3664.0	3061.0	2709.0	2514.0	2657.0	3006.0	3392.0	3890.0	4622.0	5727.0	7216.0	8773.0	10657.0	12972.0	16313.0	19889.0	23619.0	30167.0	38571.0	49633.0	63427.0	81086.0	102352.0	128789.0	160632.0	202040.0	257095.0	334918.0	454230.0	657620.0	1081146.0	2351520.0	5079741.0
	2.0	3.0	4.0	5.0	6.0	7.0	8.0	9.0	10.0	11.0	12.0	13.0	14.0	15.0	16.0	17.0	18.0	19.0	20.0	21.0	22.0	23.0	24.0	25.0	26.0	27.0	28.0	29.0	30.0	31.0	32.0	33.0	34.0	35.0	36.0	37.0
Res2_RNA_D5_1	955.0	175.0	31.0	35.0	37.0	67.0	105.0	154.0	203.0	274.0	362.0	425.0	609.0	922.0	1260.0	1850.0	2587.0	3802.0	5276.0	7611.0	11051.0	16468.0	25112.0	38336.0	57895.0	84124.0	116809.0	158794.0	211705.0	281985.0	380459.0	539276.0	848845.0	1351390.0	2569938.0	8238278.0
	2.0	3.0	4.0	5.0	6.0	7.0	8.0	9.0	10.0	11.0	12.0	13.0	14.0	15.0	16.0	17.0	18.0	19.0	20.0	21.0	22.0	23.0	24.0	25.0	26.0	27.0	28.0	29.0	30.0	31.0	32.0	33.0	34.0	35.0	36.0	37.0
Res2_RNA_D5_2	57643.0	13295.0	7266.0	5151.0	4336.0	4055.0	4023.0	4198.0	4819.0	5643.0	6660.0	8402.0	10703.0	15023.0	19269.0	23077.0	27954.0	33945.0	40814.0	48253.0	60787.0	75749.0	94575.0	119226.0	146858.0	180117.0	220053.0	270020.0	331821.0	412836.0	533289.0	720811.0	1080514.0	1690434.0	3003736.0	5671850.0
	2.0	3.0	4.0	5.0	6.0	7.0	8.0	9.0	10.0	11.0	12.0	13.0	14.0	15.0	16.0	17.0	18.0	19.0	20.0	21.0	22.0	23.0	24.0	25.0	26.0	27.0	28.0	29.0	30.0	31.0	32.0	33.0	34.0	35.0	36.0	37.0
Res2_RNA_D6_1	1089.0	340.0	111.0	77.0	43.0	86.0	116.0	145.0	189.0	207.0	282.0	365.0	535.0	779.0	1113.0	1654.0	2283.0	3170.0	4450.0	6392.0	9574.0	13213.0	18793.0	27957.0	40192.0	56292.0	76807.0	102087.0	133268.0	174557.0	231534.0	317202.0	462806.0	772069.0	1851103.0	6047716.0
	2.0	3.0	4.0	5.0	6.0	7.0	8.0	9.0	10.0	11.0	12.0	13.0	14.0	15.0	16.0	17.0	18.0	19.0	20.0	21.0	22.0	23.0	24.0	25.0	26.0	27.0	28.0	29.0	30.0	31.0	32.0	33.0	34.0	35.0	36.0	37.0
Res2_RNA_D6_2	42009.0	9430.0	5050.0	3533.0	2931.0	2610.0	2856.0	3019.0	3276.0	4045.0	4688.0	5748.0	7058.0	9172.0	11445.0	14186.0	17669.0	22057.0	26862.0	32702.0	41033.0	52227.0	64908.0	80991.0	100054.0	120838.0	147481.0	179360.0	218914.0	271112.0	345737.0	459594.0	653764.0	1059998.0	2231748.0	4100491.0
	2.0	3.0	4.0	5.0	6.0	7.0	8.0	9.0	10.0	11.0	12.0	13.0	14.0	15.0	16.0	17.0	18.0	19.0	20.0	21.0	22.0	23.0	24.0	25.0	26.0	27.0	28.0	29.0	30.0	31.0	32.0	33.0	34.0	35.0
Res2_RNA_E1_1	11810.0	0.0	0.0	0.0	0.0	0.0	0.0	0.0	0.0	0.0	0.0	0.0	1.0	66.0	764.0	2861.0	5933.0	7708.0	8214.0	8248.0	10224.0	16338.0	29761.0	55115.0	94750.0	148565.0	214136.0	289265.0	377950.0	493550.0	676307.0	1047227.0	2072408.0	2909804.0
	2.0	3.0	4.0	5.0	6.0	7.0	8.0	9.0	10.0	11.0	12.0	13.0	14.0	15.0	16.0	17.0	18.0	19.0	20.0	21.0	22.0	23.0	24.0	25.0	26.0	27.0	28.0	29.0	30.0	31.0	32.0	33.0	34.0	35.0
Res2_RNA_E1_2	11370.0	0.0	0.0	0.0	0.0	0.0	0.0	0.0	0.0	0.0	2.0	0.0	3190.0	22349.0	39417.0	38999.0	31396.0	24692.0	21611.0	22136.0	25758.0	32018.0	42637.0	60294.0	86353.0	122572.0	169905.0	228861.0	306105.0	409980.0	575568.0	901597.0	1903191.0	3401004.0
	2.0	3.0	4.0	5.0	6.0	7.0	8.0	9.0	10.0	11.0	12.0	13.0	14.0	15.0	16.0	17.0	18.0	19.0	20.0	21.0	22.0	23.0	24.0	25.0	26.0	27.0	28.0	29.0	30.0	31.0	32.0	33.0	34.0	35.0	36.0	37.0
Res2_RNA_E2_1	4219.0	470.0	105.0	78.0	73.0	91.0	125.0	148.0	207.0	231.0	336.0	511.0	898.0	1419.0	2211.0	3441.0	4955.0	6406.0	7516.0	9319.0	12464.0	18797.0	33016.0	58701.0	99935.0	156734.0	232848.0	327664.0	445146.0	601687.0	842226.0	1288342.0	2400857.0	3433382.0	2025661.0	5967992.0
	2.0	3.0	4.0	5.0	6.0	7.0	8.0	9.0	10.0	11.0	12.0	13.0	14.0	15.0	16.0	17.0	18.0	19.0	20.0	21.0	22.0	23.0	24.0	25.0	26.0	27.0	28.0	29.0	30.0	31.0	32.0	33.0	34.0	35.0	36.0	37.0
Res2_RNA_E2_2	48011.0	10388.0	5166.0	3483.0	2856.0	2511.0	2406.0	2644.0	2856.0	3291.0	3899.0	4868.0	9054.0	23298.0	36583.0	38185.0	35523.0	34151.0	34176.0	37369.0	45984.0	59179.0	79698.0	108679.0	150329.0	203223.0	274776.0	364583.0	480164.0	640549.0	883919.0	1330848.0	2444477.0	3918659.0	2294523.0	4367903.0
	2.0	3.0	4.0	5.0	6.0	7.0	8.0	9.0	10.0	11.0	12.0	13.0	14.0	15.0	16.0	17.0	18.0	19.0	20.0	21.0	22.0	23.0	24.0	25.0	26.0	27.0	28.0	29.0	30.0	31.0	32.0	33.0	34.0	35.0	36.0	37.0
Res2_RNA_E3_1	5267.0	521.0	190.0	138.0	137.0	144.0	163.0	205.0	276.0	317.0	424.0	613.0	1039.0	1828.0	3112.0	5176.0	7656.0	9899.0	11668.0	13971.0	17932.0	27391.0	47785.0	84167.0	138704.0	214846.0	309801.0	422158.0	557580.0	735194.0	1002276.0	1507280.0	2799712.0	4006948.0	1959020.0	6550589.0
	2.0	3.0	4.0	5.0	6.0	7.0	8.0	9.0	10.0	11.0	12.0	13.0	14.0	15.0	16.0	17.0	18.0	19.0	20.0	21.0	22.0	23.0	24.0	25.0	26.0	27.0	28.0	29.0	30.0	31.0	32.0	33.0	34.0	35.0	36.0	37.0
Res2_RNA_E3_2	55047.0	12993.0	6527.0	4618.0	3631.0	3008.0	2967.0	2912.0	3381.0	3688.0	4264.0	5380.0	10003.0	26074.0	39173.0	40414.0	37486.0	35720.0	36207.0	39820.0	49603.0	65741.0	90008.0	124647.0	172011.0	234410.0	314300.0	414991.0	544526.0	717338.0	983885.0	1475768.0	2775033.0	4675246.0	2288456.0	5144851.0
	2.0	3.0	4.0	5.0	6.0	7.0	8.0	9.0	10.0	11.0	12.0	13.0	14.0	15.0	16.0	17.0	18.0	19.0	20.0	21.0	22.0	23.0	24.0	25.0	26.0	27.0	28.0	29.0	30.0	31.0	32.0	33.0	34.0	35.0	36.0	37.0
Res2_RNA_E4_1	3246.0	904.0	189.0	113.0	68.0	77.0	139.0	141.0	163.0	226.0	313.0	378.0	528.0	722.0	990.0	1590.0	2460.0	3543.0	4769.0	7128.0	11565.0	20712.0	38249.0	69845.0	118791.0	185585.0	268967.0	371609.0	494009.0	656872.0	908106.0	1370812.0	2483453.0	3302889.0	2151839.0	5573065.0
	2.0	3.0	4.0	5.0	6.0	7.0	8.0	9.0	10.0	11.0	12.0	13.0	14.0	15.0	16.0	17.0	18.0	19.0	20.0	21.0	22.0	23.0	24.0	25.0	26.0	27.0	28.0	29.0	30.0	31.0	32.0	33.0	34.0	35.0	36.0	37.0
Res2_RNA_E4_2	37408.0	6507.0	3437.0	2417.0	2092.0	1885.0	1930.0	2105.0	2526.0	2911.0	3421.0	4420.0	6651.0	15120.0	23231.0	25482.0	26095.0	27572.0	31382.0	37581.0	48916.0	66690.0	93131.0	130539.0	179608.0	244159.0	323155.0	421956.0	546833.0	716106.0	971529.0	1431924.0	2556042.0	3783828.0	2231847.0	4043619.0
	2.0	3.0	4.0	5.0	6.0	7.0	8.0	9.0	10.0	11.0	12.0	13.0	14.0	15.0	16.0	17.0	18.0	19.0	20.0	21.0	22.0	23.0	24.0	25.0	26.0	27.0	28.0	29.0	30.0	31.0	32.0	33.0	34.0	35.0	36.0	37.0
Res2_RNA_E5_1	5918.0	682.0	52.0	43.0	56.0	89.0	115.0	127.0	189.0	257.0	321.0	418.0	562.0	710.0	1114.0	1675.0	2624.0	3832.0	5279.0	7368.0	11430.0	19218.0	34933.0	63793.0	108729.0	174059.0	257450.0	363438.0	496496.0	673314.0	939302.0	1432854.0	2640590.0	3691470.0	2740887.0	5619615.0
	2.0	3.0	4.0	5.0	6.0	7.0	8.0	9.0	10.0	11.0	12.0	13.0	14.0	15.0	16.0	17.0	18.0	19.0	20.0	21.0	22.0	23.0	24.0	25.0	26.0	27.0	28.0	29.0	30.0	31.0	32.0	33.0	34.0	35.0	36.0	37.0
Res2_RNA_E5_2	50703.0	15005.0	8068.0	5714.0	4385.0	3956.0	3801.0	4080.0	4519.0	5193.0	6077.0	6916.0	12623.0	40228.0	64075.0	66529.0	59802.0	52535.0	49784.0	51854.0	60477.0	75608.0	99765.0	132685.0	179310.0	241576.0	319084.0	418955.0	545563.0	717642.0	977424.0	1445740.0	2613046.0	4066442.0	2426937.0	4462908.0
	2.0	3.0	4.0	5.0	6.0	7.0	8.0	9.0	10.0	11.0	12.0	13.0	14.0	15.0	16.0	17.0	18.0	19.0	20.0	21.0	22.0	23.0	24.0	25.0	26.0	27.0	28.0	29.0	30.0	31.0	32.0	33.0	34.0	35.0	36.0	37.0
Res2_RNA_E6_1	1181.0	440.0	182.0	135.0	95.0	85.0	119.0	178.0	209.0	305.0	348.0	452.0	592.0	829.0	1197.0	1668.0	2369.0	3369.0	4882.0	6808.0	10150.0	15029.0	23172.0	35707.0	53496.0	76689.0	106498.0	143912.0	190384.0	250899.0	335520.0	473805.0	745709.0	1172558.0	2058510.0	7228091.0
	2.0	3.0	4.0	5.0	6.0	7.0	8.0	9.0	10.0	11.0	12.0	13.0	14.0	15.0	16.0	17.0	18.0	19.0	20.0	21.0	22.0	23.0	24.0	25.0	26.0	27.0	28.0	29.0	30.0	31.0	32.0	33.0	34.0	35.0	36.0	37.0
Res2_RNA_E6_2	43829.0	7838.0	3886.0	2744.0	2216.0	1930.0	1997.0	1993.0	2306.0	2585.0	2889.0	3558.0	4659.0	6840.0	8938.0	10321.0	12014.0	14522.0	17377.0	20416.0	26119.0	34337.0	45218.0	59644.0	78888.0	103394.0	134413.0	173141.0	223988.0	291703.0	391393.0	549397.0	869761.0	1466560.0	2452209.0	5872549.0
	2.0	3.0	4.0	5.0	6.0	7.0	8.0	9.0	10.0	11.0	12.0	13.0	14.0	15.0	16.0	17.0	18.0	19.0	20.0	21.0	22.0	23.0	24.0	25.0	26.0	27.0	28.0	29.0	30.0	31.0	32.0	33.0	34.0	35.0	36.0	37.0	38.0	39.0
Res2_RNA_F1_1	1440.0	312.0	89.0	97.0	139.0	224.0	213.0	256.0	318.0	378.0	492.0	617.0	892.0	1175.0	1617.0	2151.0	2956.0	4019.0	5483.0	7438.0	10781.0	16272.0	25154.0	39748.0	60990.0	89698.0	127355.0	175482.0	236651.0	316502.0	426344.0	581710.0	829008.0	1304405.0	2690151.0	7248416.0	3559483.0	10514171.0
	2.0	3.0	4.0	5.0	6.0	7.0	8.0	9.0	10.0	11.0	12.0	13.0	14.0	15.0	16.0	17.0	18.0	19.0	20.0	21.0	22.0	23.0	24.0	25.0	26.0	27.0	28.0	29.0	30.0	31.0	32.0	33.0	34.0	35.0	36.0	37.0	38.0	39.0
Res2_RNA_F1_2	63867.0	14214.0	8689.0	6810.0	5723.0	5241.0	5041.0	4890.0	5536.0	5865.0	6416.0	7581.0	9663.0	13188.0	21854.0	27730.0	48080.0	23837.0	29830.0	35814.0	45815.0	58851.0	75213.0	96178.0	121108.0	152708.0	191157.0	238293.0	303519.0	386423.0	506191.0	684234.0	985390.0	1567770.0	3085099.0	5805596.0	5009331.0	8619882.0
	2.0	3.0	4.0	5.0	6.0	7.0	8.0	9.0	10.0	11.0	12.0	13.0	14.0	15.0	16.0	17.0	18.0	19.0	20.0	21.0	22.0	23.0	24.0	25.0	26.0	27.0	28.0	29.0	30.0	31.0	32.0	33.0	34.0	35.0	36.0	37.0
Res2_RNA_F2_1	1654.0	452.0	155.0	90.0	90.0	126.0	164.0	223.0	276.0	368.0	461.0	595.0	840.0	1167.0	1531.0	2098.0	2933.0	4030.0	5290.0	7124.0	10227.0	14004.0	19768.0	29107.0	41594.0	58304.0	79034.0	105889.0	138509.0	182491.0	242093.0	334226.0	490180.0	821760.0	1970949.0	6084746.0
	2.0	3.0	4.0	5.0	6.0	7.0	8.0	9.0	10.0	11.0	12.0	13.0	14.0	15.0	16.0	17.0	18.0	19.0	20.0	21.0	22.0	23.0	24.0	25.0	26.0	27.0	28.0	29.0	30.0	31.0	32.0	33.0	34.0	35.0	36.0	37.0
Res2_RNA_F2_2	42973.0	9770.0	5082.0	3540.0	3070.0	2935.0	2887.0	3188.0	3614.0	4131.0	4918.0	5900.0	7546.0	9622.0	11941.0	14882.0	17605.0	22059.0	26112.0	31431.0	39474.0	50023.0	62575.0	79008.0	98517.0	121050.0	149068.0	183983.0	227134.0	284882.0	367384.0	493225.0	709093.0	1152818.0	2377632.0	4023476.0
	2.0	3.0	4.0	5.0	6.0	7.0	8.0	9.0	10.0	11.0	12.0	13.0	14.0	15.0	16.0	17.0	18.0	19.0	20.0	21.0	22.0	23.0	24.0	25.0	26.0	27.0	28.0	29.0	30.0	31.0	32.0	33.0	34.0	35.0	36.0	37.0
Res2_RNA_F3_1	14403.0	3692.0	1280.0	691.0	459.0	339.0	352.0	435.0	416.0	520.0	606.0	690.0	1004.0	1290.0	1778.0	2741.0	3582.0	4987.0	6871.0	9706.0	13925.0	20657.0	30479.0	44586.0	63298.0	87427.0	117137.0	153047.0	197822.0	254934.0	335221.0	454117.0	658205.0	1093353.0	2576082.0	7970702.0
	2.0	3.0	4.0	5.0	6.0	7.0	8.0	9.0	10.0	11.0	12.0	13.0	14.0	15.0	16.0	17.0	18.0	19.0	20.0	21.0	22.0	23.0	24.0	25.0	26.0	27.0	28.0	29.0	30.0	31.0	32.0	33.0	34.0	35.0	36.0	37.0
Res2_RNA_F3_2	62389.0	12991.0	6663.0	4752.0	3570.0	3262.0	3171.0	3337.0	3622.0	4071.0	4687.0	5363.0	6630.0	8435.0	10306.0	12679.0	15112.0	19275.0	23306.0	27369.0	35214.0	45438.0	58643.0	74678.0	94030.0	117896.0	146643.0	182529.0	228988.0	289780.0	375011.0	505715.0	729789.0	1198515.0	2659537.0	7143438.0
	2.0	3.0	4.0	5.0	6.0	7.0	8.0	9.0	10.0	11.0	12.0	13.0	14.0	15.0	16.0	17.0	18.0	19.0	20.0	21.0	22.0	23.0	24.0	25.0	26.0	27.0	28.0	29.0	30.0	31.0	32.0	33.0	34.0	35.0	36.0	37.0
Res2_RNA_F4_1	1684.0	430.0	133.0	73.0	62.0	91.0	157.0	217.0	208.0	334.0	395.0	571.0	740.0	1148.0	1657.0	2284.0	3200.0	4501.0	6342.0	9042.0	13018.0	18893.0	29272.0	44031.0	65599.0	93043.0	128073.0	171484.0	226615.0	297168.0	398341.0	564383.0	887232.0	1411295.0	2897172.0	8013394.0
	2.0	3.0	4.0	5.0	6.0	7.0	8.0	9.0	10.0	11.0	12.0	13.0	14.0	15.0	16.0	17.0	18.0	19.0	20.0	21.0	22.0	23.0	24.0	25.0	26.0	27.0	28.0	29.0	30.0	31.0	32.0	33.0	34.0	35.0	36.0	37.0
Res2_RNA_F4_2	55990.0	12817.0	6708.0	4840.0	3998.0	3565.0	3636.0	3773.0	4086.0	4897.0	5691.0	6893.0	8832.0	12393.0	16025.0	19489.0	22882.0	27401.0	32546.0	39063.0	49734.0	63919.0	82971.0	105550.0	134008.0	168744.0	209882.0	260828.0	326060.0	413639.0	539784.0	735305.0	1074323.0	1613285.0	3112738.0	6105987.0
	2.0	3.0	4.0	5.0	6.0	7.0	8.0	9.0	10.0	11.0	12.0	13.0	14.0	15.0	16.0	17.0	18.0	19.0	20.0	21.0	22.0	23.0	24.0	25.0	26.0	27.0	28.0	29.0	30.0	31.0	32.0	33.0	34.0	35.0	36.0	37.0
Res2_RNA_F5_1	268.0	209.0	72.0	49.0	57.0	81.0	144.0	195.0	212.0	288.0	423.0	537.0	665.0	929.0	1222.0	1789.0	2381.0	3442.0	4815.0	6439.0	9458.0	13291.0	19357.0	27869.0	40085.0	55580.0	75852.0	101152.0	134032.0	178400.0	239500.0	335235.0	500210.0	863857.0	2138847.0	5643675.0
	2.0	3.0	4.0	5.0	6.0	7.0	8.0	9.0	10.0	11.0	12.0	13.0	14.0	15.0	16.0	17.0	18.0	19.0	20.0	21.0	22.0	23.0	24.0	25.0	26.0	27.0	28.0	29.0	30.0	31.0	32.0	33.0	34.0	35.0	36.0	37.0
Res2_RNA_F5_2	35171.0	6734.0	3440.0	2482.0	2070.0	1932.0	1992.0	2085.0	2339.0	2709.0	3280.0	4038.0	4859.0	6454.0	8127.0	9984.0	11986.0	15444.0	18336.0	21813.0	27978.0	35794.0	46081.0	59054.0	74452.0	92984.0	115384.0	144829.0	182278.0	232247.0	304221.0	416139.0	612588.0	1027131.0	2263875.0	4600307.0
	2.0	3.0	4.0	5.0	6.0	7.0	8.0	9.0	10.0	11.0	12.0	13.0	14.0	15.0	16.0	17.0	18.0	19.0	20.0	21.0	22.0	23.0	24.0	25.0	26.0	27.0	28.0	29.0	30.0	31.0	32.0	33.0	34.0	35.0	36.0	37.0	38.0	39.0
Res2_RNA_F6_1	365.0	88.0	31.0	45.0	29.0	57.0	51.0	63.0	115.0	146.0	171.0	222.0	309.0	385.0	522.0	747.0	985.0	1288.0	1729.0	2473.0	3748.0	5814.0	9841.0	16336.0	25317.0	38392.0	55748.0	77151.0	105829.0	141816.0	190236.0	256829.0	355202.0	525401.0	908391.0	1482592.0	2319385.0	5859735.0
	2.0	3.0	4.0	5.0	6.0	7.0	8.0	9.0	10.0	11.0	12.0	13.0	14.0	15.0	16.0	17.0	18.0	19.0	20.0	21.0	22.0	23.0	24.0	25.0	26.0	27.0	28.0	29.0	30.0	31.0	32.0	33.0	34.0	35.0	36.0	37.0	38.0	39.0
Res2_RNA_F6_2	17379.0	8627.0	4452.0	3545.0	2867.0	2256.0	2275.0	2211.0	2706.0	2941.0	2887.0	3654.0	4046.0	5247.0	7255.0	13826.0	25164.0	9899.0	12918.0	16294.0	21092.0	27086.0	34314.0	44374.0	56496.0	70644.0	88689.0	111217.0	139205.0	177179.0	227119.0	298367.0	406655.0	591345.0	930301.0	1337199.0	3212592.0	4463261.0
	2.0	3.0	4.0	5.0	6.0	7.0	8.0	9.0	10.0	11.0	12.0	13.0	14.0	15.0	16.0	17.0	18.0	19.0	20.0	21.0	22.0	23.0	24.0	25.0	26.0	27.0	28.0	29.0	30.0	31.0	32.0	33.0	34.0	35.0	36.0	37.0	38.0	39.0
Res2_RNA_G1_1	11098.0	410.0	49.0	59.0	81.0	106.0	143.0	155.0	237.0	288.0	386.0	509.0	787.0	1039.0	1800.0	3202.0	5344.0	7705.0	10420.0	16151.0	29168.0	54281.0	106733.0	203262.0	354700.0	566909.0	832030.0	1151256.0	1540789.0	2062613.0	2887506.0	4488112.0	8578222.0	11426921.0	2753202.0	5291985.0	1944711.0	5629317.0
	2.0	3.0	4.0	5.0	6.0	7.0	8.0	9.0	10.0	11.0	12.0	13.0	14.0	15.0	16.0	17.0	18.0	19.0	20.0	21.0	22.0	23.0	24.0	25.0	26.0	27.0	28.0	29.0	30.0	31.0	32.0	33.0	34.0	35.0	36.0	37.0	38.0	39.0
Res2_RNA_G1_2	71124.0	15209.0	9050.0	7511.0	7101.0	5886.0	6256.0	6617.0	6648.0	6181.0	6693.0	8234.0	24452.0	123164.0	213087.0	209240.0	180637.0	135660.0	123980.0	132209.0	158038.0	203233.0	276580.0	384539.0	529144.0	711337.0	932433.0	1199805.0	1539918.0	2006098.0	2734944.0	4128275.0	7790659.0	11834369.0	2511373.0	4589985.0	2843374.0	4288643.0
	2.0	3.0	4.0	5.0	6.0	7.0	8.0	9.0	10.0	11.0	12.0	13.0	14.0	15.0	16.0	17.0	18.0	19.0	20.0	21.0	22.0	23.0	24.0	25.0	26.0	27.0	28.0	29.0	30.0	31.0	32.0	33.0	34.0	35.0	36.0	37.0
Res2_RNA_G2_1	1429.0	386.0	155.0	111.0	88.0	87.0	109.0	144.0	180.0	235.0	320.0	373.0	525.0	669.0	1021.0	1495.0	2197.0	3222.0	4733.0	7010.0	10874.0	16629.0	26820.0	43583.0	69997.0	105917.0	152671.0	213150.0	287560.0	385133.0	527422.0	782025.0	1380001.0	1980928.0	1937476.0	6948692.0
	2.0	3.0	4.0	5.0	6.0	7.0	8.0	9.0	10.0	11.0	12.0	13.0	14.0	15.0	16.0	17.0	18.0	19.0	20.0	21.0	22.0	23.0	24.0	25.0	26.0	27.0	28.0	29.0	30.0	31.0	32.0	33.0	34.0	35.0	36.0	37.0
Res2_RNA_G2_2	41875.0	7581.0	3878.0	2619.0	2092.0	1927.0	1857.0	1998.0	2209.0	2385.0	2729.0	3392.0	4839.0	9971.0	14515.0	15743.0	16220.0	17516.0	19986.0	23178.0	29237.0	38621.0	51121.0	70225.0	94718.0	127496.0	171612.0	227621.0	300939.0	400649.0	547238.0	807886.0	1419986.0	2312868.0	2231096.0	5865544.0
	2.0	3.0	4.0	5.0	6.0	7.0	8.0	9.0	10.0	11.0	12.0	13.0	14.0	15.0	16.0	17.0	18.0	19.0	20.0	21.0	22.0	23.0	24.0	25.0	26.0	27.0	28.0	29.0	30.0	31.0	32.0	33.0	34.0	35.0	36.0	37.0
Res2_RNA_G3_1	867.0	148.0	23.0	33.0	39.0	58.0	113.0	128.0	154.0	241.0	326.0	406.0	553.0	729.0	1013.0	1545.0	2197.0	3233.0	4625.0	6525.0	9506.0	14434.0	22040.0	33708.0	50652.0	73928.0	102977.0	140471.0	187899.0	249623.0	337276.0	478327.0	756027.0	1193731.0	2248891.0	7082116.0
	2.0	3.0	4.0	5.0	6.0	7.0	8.0	9.0	10.0	11.0	12.0	13.0	14.0	15.0	16.0	17.0	18.0	19.0	20.0	21.0	22.0	23.0	24.0	25.0	26.0	27.0	28.0	29.0	30.0	31.0	32.0	33.0	34.0	35.0	36.0	37.0
Res2_RNA_G3_2	45189.0	9806.0	5315.0	3841.0	3100.0	2919.0	3014.0	3135.0	3567.0	3998.0	4704.0	5714.0	7268.0	10678.0	13784.0	16517.0	19654.0	23500.0	28241.0	33215.0	42019.0	53461.0	68312.0	86129.0	108111.0	135872.0	168572.0	208588.0	260413.0	330115.0	429725.0	591956.0	900262.0	1414442.0	2512600.0	5446826.0
	2.0	3.0	4.0	5.0	6.0	7.0	8.0	9.0	10.0	11.0	12.0	13.0	14.0	15.0	16.0	17.0	18.0	19.0	20.0	21.0	22.0	23.0	24.0	25.0	26.0	27.0	28.0	29.0	30.0	31.0	32.0	33.0	34.0	35.0	36.0	37.0
Res2_RNA_G4_1	2886.0	283.0	87.0	67.0	75.0	95.0	138.0	183.0	220.0	293.0	365.0	456.0	638.0	923.0	1300.0	2043.0	3203.0	4495.0	6059.0	8760.0	14207.0	20694.0	34513.0	61350.0	104454.0	169549.0	255842.0	363943.0	504137.0	688337.0	968004.0	1491619.0	2784710.0	3787139.0	2024003.0	6709236.0
	2.0	3.0	4.0	5.0	6.0	7.0	8.0	9.0	10.0	11.0	12.0	13.0	14.0	15.0	16.0	17.0	18.0	19.0	20.0	21.0	22.0	23.0	24.0	25.0	26.0	27.0	28.0	29.0	30.0	31.0	32.0	33.0	34.0	35.0	36.0	37.0
Res2_RNA_G4_2	47863.0	10637.0	5228.0	3916.0	3281.0	3096.0	3012.0	3343.0	3901.0	4220.0	5072.0	6068.0	10864.0	32288.0	50992.0	50252.0	44292.0	40943.0	41935.0	46986.0	57434.0	73802.0	99374.0	135015.0	185727.0	250634.0	334517.0	439858.0	574959.0	760228.0	1039566.0	1543417.0	2768577.0	4172452.0	2414101.0	4746456.0
	2.0	3.0	4.0	5.0	6.0	7.0	8.0	9.0	10.0	11.0	12.0	13.0	14.0	15.0	16.0	17.0	18.0	19.0	20.0	21.0	22.0	23.0	24.0	25.0	26.0	27.0	28.0	29.0	30.0	31.0	32.0	33.0	34.0	35.0	36.0	37.0
Res2_RNA_G5_1	1933.0	635.0	247.0	152.0	136.0	152.0	168.0	234.0	308.0	375.0	464.0	706.0	838.0	1197.0	1692.0	2503.0	3551.0	5097.0	7029.0	10047.0	14097.0	19836.0	28466.0	40899.0	58081.0	79918.0	106354.0	138303.0	178670.0	231887.0	302672.0	406701.0	583515.0	958676.0	2236604.0	7523113.0
	2.0	3.0	4.0	5.0	6.0	7.0	8.0	9.0	10.0	11.0	12.0	13.0	14.0	15.0	16.0	17.0	18.0	19.0	20.0	21.0	22.0	23.0	24.0	25.0	26.0	27.0	28.0	29.0	30.0	31.0	32.0	33.0	34.0	35.0	36.0	37.0
Res2_RNA_G5_2	64791.0	19704.0	10190.0	7459.0	5632.0	5038.0	5033.0	5451.0	5928.0	6236.0	6711.0	7785.0	9443.0	11526.0	13802.0	16434.0	19526.0	23543.0	28345.0	33503.0	41656.0	52683.0	66749.0	82748.0	103046.0	126958.0	156395.0	192051.0	237041.0	295997.0	378859.0	508084.0	725611.0	1184719.0	2561665.0	5924914.0
	2.0	3.0	4.0	5.0	6.0	7.0	8.0	9.0	10.0	11.0	12.0	13.0	14.0	15.0	16.0	17.0	18.0	19.0	20.0	21.0	22.0	23.0	24.0	25.0	26.0	27.0	28.0	29.0	30.0	31.0	32.0	33.0	34.0	35.0	36.0	37.0
Res2_RNA_G6_1	2467.0	387.0	87.0	51.0	57.0	84.0	104.0	143.0	221.0	231.0	289.0	406.0	646.0	950.0	1480.0	2084.0	3013.0	4101.0	5530.0	7552.0	10772.0	17421.0	29310.0	50231.0	80642.0	122754.0	175652.0	239782.0	317161.0	419719.0	572723.0	850207.0	1526936.0	2283250.0	2048668.0	6052353.0
	2.0	3.0	4.0	5.0	6.0	7.0	8.0	9.0	10.0	11.0	12.0	13.0	14.0	15.0	16.0	17.0	18.0	19.0	20.0	21.0	22.0	23.0	24.0	25.0	26.0	27.0	28.0	29.0	30.0	31.0	32.0	33.0	34.0	35.0	36.0	37.0
Res2_RNA_G6_2	44543.0	9966.0	5220.0	3692.0	3088.0	2922.0	2879.0	3201.0	3502.0	3880.0	4519.0	5440.0	8536.0	19389.0	28299.0	30030.0	29491.0	30101.0	32518.0	38608.0	48293.0	63935.0	86443.0	115456.0	152872.0	197773.0	253638.0	321401.0	408900.0	527864.0	707033.0	1021739.0	1668240.0	2236253.0	2328988.0	4378812.0
	2.0	3.0	4.0	5.0	6.0	7.0	8.0	9.0	10.0	11.0	12.0	13.0	14.0	15.0	16.0	17.0	18.0	19.0	20.0	21.0	22.0	23.0	24.0	25.0	26.0	27.0	28.0	29.0	30.0	31.0	32.0	33.0	34.0	35.0	36.0	37.0
Res2_RNA_H1_1	2966.0	212.0	77.0	40.0	58.0	71.0	115.0	113.0	177.0	239.0	338.0	394.0	625.0	776.0	1189.0	1981.0	3046.0	4168.0	5809.0	8300.0	13040.0	21414.0	36441.0	64526.0	106665.0	164086.0	235701.0	323078.0	430589.0	570952.0	776632.0	1163219.0	2109028.0	3120300.0	2229698.0	6712730.0
	2.0	3.0	4.0	5.0	6.0	7.0	8.0	9.0	10.0	11.0	12.0	13.0	14.0	15.0	16.0	17.0	18.0	19.0	20.0	21.0	22.0	23.0	24.0	25.0	26.0	27.0	28.0	29.0	30.0	31.0	32.0	33.0	34.0	35.0	36.0	37.0
Res2_RNA_H1_2	47996.0	10791.0	5634.0	4112.0	3182.0	2870.0	2973.0	3051.0	3529.0	4179.0	4893.0	5649.0	9280.0	23244.0	35862.0	37128.0	35146.0	35029.0	37353.0	42638.0	52499.0	68287.0	90134.0	121581.0	163518.0	216624.0	283774.0	365957.0	471402.0	610118.0	822875.0	1205582.0	2166783.0	3640250.0	2537591.0	4937279.0
	2.0	3.0	4.0	5.0	6.0	7.0	8.0	9.0	10.0	11.0	12.0	13.0	14.0	15.0	16.0	17.0	18.0	19.0	20.0	21.0	22.0	23.0	24.0	25.0	26.0	27.0	28.0	29.0	30.0	31.0	32.0	33.0	34.0	35.0	36.0	37.0
Res2_RNA_H2_1	4402.0	826.0	155.0	104.0	67.0	58.0	93.0	107.0	159.0	197.0	272.0	396.0	466.0	678.0	1014.0	1591.0	2492.0	3583.0	5011.0	6828.0	10570.0	17557.0	31412.0	56395.0	95673.0	149393.0	217051.0	299412.0	398817.0	528698.0	727179.0	1094469.0	1994074.0	2842631.0	2220979.0	6157437.0
	2.0	3.0	4.0	5.0	6.0	7.0	8.0	9.0	10.0	11.0	12.0	13.0	14.0	15.0	16.0	17.0	18.0	19.0	20.0	21.0	22.0	23.0	24.0	25.0	26.0	27.0	28.0	29.0	30.0	31.0	32.0	33.0	34.0	35.0	36.0	37.0
Res2_RNA_H2_2	41439.0	7682.0	4163.0	2842.0	2390.0	2255.0	2378.0	2580.0	2921.0	3359.0	4026.0	4911.0	7869.0	17237.0	26299.0	28818.0	28910.0	30687.0	34532.0	41056.0	52485.0	69345.0	94752.0	128401.0	173560.0	229856.0	298341.0	383300.0	488136.0	628928.0	838536.0	1206765.0	2097483.0	3232780.0	2340853.0	4310371.0
	2.0	3.0	4.0	5.0	6.0	7.0	8.0	9.0	10.0	11.0	12.0	13.0	14.0	15.0	16.0	17.0	18.0	19.0	20.0	21.0	22.0	23.0	24.0	25.0	26.0	27.0	28.0	29.0	30.0	31.0	32.0	33.0	34.0	35.0	36.0	37.0
Res2_RNA_H3_1	9657.0	327.0	28.0	22.0	32.0	61.0	92.0	141.0	161.0	225.0	267.0	393.0	531.0	807.0	1125.0	1773.0	2802.0	3938.0	5251.0	7278.0	11527.0	18719.0	34868.0	62984.0	110998.0	179130.0	272201.0	385446.0	528693.0	717300.0	1001463.0	1532948.0	2889572.0	4241198.0	2386740.0	5115871.0
	2.0	3.0	4.0	5.0	6.0	7.0	8.0	9.0	10.0	11.0	12.0	13.0	14.0	15.0	16.0	17.0	18.0	19.0	20.0	21.0	22.0	23.0	24.0	25.0	26.0	27.0	28.0	29.0	30.0	31.0	32.0	33.0	34.0	35.0	36.0	37.0
Res2_RNA_H3_2	42406.0	6880.0	3754.0	2655.0	2360.0	2285.0	2279.0	2549.0	2936.0	3549.0	4339.0	5439.0	9154.0	23024.0	35490.0	37657.0	36894.0	36964.0	39775.0	46131.0	57133.0	74822.0	99923.0	136339.0	187199.0	255290.0	342258.0	447856.0	584954.0	768596.0	1042199.0	1544093.0	2854544.0	4766792.0	2217451.0	3798600.0
	2.0	3.0	4.0	5.0	6.0	7.0	8.0	9.0	10.0	11.0	12.0	13.0	14.0	15.0	16.0	17.0	18.0	19.0	20.0	21.0	22.0	23.0	24.0	25.0	26.0	27.0	28.0	29.0	30.0	31.0	32.0	33.0	34.0	35.0	36.0	37.0
Res2_RNA_H4_1	1309.0	579.0	218.0	148.0	145.0	156.0	221.0	223.0	296.0	426.0	502.0	656.0	914.0	1177.0	1658.0	2356.0	3348.0	4731.0	6666.0	9373.0	13360.0	19444.0	28792.0	42719.0	60832.0	84500.0	114203.0	151116.0	196922.0	256070.0	339148.0	459598.0	664122.0	1094334.0	2554760.0	8767774.0
	2.0	3.0	4.0	5.0	6.0	7.0	8.0	9.0	10.0	11.0	12.0	13.0	14.0	15.0	16.0	17.0	18.0	19.0	20.0	21.0	22.0	23.0	24.0	25.0	26.0	27.0	28.0	29.0	30.0	31.0	32.0	33.0	34.0	35.0	36.0	37.0
Res2_RNA_H4_2	54829.0	11056.0	5756.0	3672.0	3070.0	2820.0	2943.0	2831.0	3190.0	3600.0	4156.0	5132.0	6486.0	8217.0	9800.0	12087.0	14850.0	18836.0	22899.0	27065.0	34664.0	44656.0	58226.0	75521.0	97552.0	123735.0	156444.0	197850.0	250536.0	322482.0	423514.0	577435.0	841278.0	1398391.0	3082290.0	6974927.0
	2.0	3.0	4.0	5.0	6.0	7.0	8.0	9.0	10.0	11.0	12.0	13.0	14.0	15.0	16.0	17.0	18.0	19.0	20.0	21.0	22.0	23.0	24.0	25.0	26.0	27.0	28.0	29.0	30.0	31.0	32.0	33.0	34.0	35.0	36.0	37.0
Res2_RNA_H5_1	3243.0	117.0	28.0	22.0	31.0	55.0	88.0	125.0	162.0	216.0	293.0	352.0	489.0	708.0	1015.0	1569.0	2373.0	3374.0	4854.0	7002.0	10569.0	17213.0	30170.0	54773.0	95081.0	151649.0	229489.0	323766.0	443666.0	602449.0	839927.0	1280385.0	2378598.0	3527144.0	1936151.0	6666947.0
	2.0	3.0	4.0	5.0	6.0	7.0	8.0	9.0	10.0	11.0	12.0	13.0	14.0	15.0	16.0	17.0	18.0	19.0	20.0	21.0	22.0	23.0	24.0	25.0	26.0	27.0	28.0	29.0	30.0	31.0	32.0	33.0	34.0	35.0	36.0	37.0
Res2_RNA_H5_2	42523.0	8254.0	4508.0	3319.0	2930.0	2621.0	2763.0	3073.0	3393.0	4056.0	5013.0	6045.0	9259.0	19551.0	30061.0	33101.0	33932.0	35629.0	38965.0	44770.0	55934.0	72644.0	96642.0	129768.0	176286.0	234105.0	309626.0	401312.0	519491.0	676333.0	913066.0	1345183.0	2443740.0	4043844.0	2387904.0	4474449.0
	2.0	3.0	4.0	5.0	6.0	7.0	8.0	9.0	10.0	11.0	12.0	13.0	14.0	15.0	16.0	17.0	18.0	19.0	20.0	21.0	22.0	23.0	24.0	25.0	26.0	27.0	28.0	29.0	30.0	31.0	32.0	33.0	34.0	35.0	36.0	37.0
Res2_RNA_H6_1	1330.0	431.0	144.0	89.0	88.0	115.0	161.0	203.0	284.0	378.0	509.0	615.0	835.0	1128.0	1733.0	2399.0	3563.0	5112.0	7200.0	10223.0	15192.0	21157.0	30958.0	45924.0	65781.0	91152.0	123805.0	163974.0	215495.0	282009.0	372179.0	509786.0	741562.0	1231366.0	2947602.0	10276939.0
	2.0	3.0	4.0	5.0	6.0	7.0	8.0	9.0	10.0	11.0	12.0	13.0	14.0	15.0	16.0	17.0	18.0	19.0	20.0	21.0	22.0	23.0	24.0	25.0	26.0	27.0	28.0	29.0	30.0	31.0	32.0	33.0	34.0	35.0	36.0	37.0
Res2_RNA_H6_2	62634.0	13022.0	6715.0	4916.0	4286.0	3855.0	4138.0	4354.0	5238.0	6293.0	7269.0	9171.0	11766.0	15047.0	19334.0	24420.0	29908.0	37825.0	45492.0	55345.0	69428.0	87568.0	109664.0	136127.0	166535.0	202475.0	245985.0	297798.0	364312.0	451299.0	572251.0	755497.0	1072952.0	1726497.0	3610142.0	6931863.0
	2.0	3.0	4.0	5.0	6.0	7.0	8.0	9.0	10.0	11.0	12.0	13.0	14.0	15.0	16.0	17.0	18.0	19.0	20.0	21.0	22.0	23.0	24.0	25.0	26.0	27.0	28.0	29.0	30.0	31.0	32.0	33.0	34.0	35.0	36.0	37.0
Res2_RNA_I1_1	1620.0	435.0	182.0	122.0	112.0	134.0	208.0	231.0	259.0	337.0	469.0	592.0	876.0	1190.0	1588.0	2433.0	3461.0	4788.0	6725.0	9292.0	13040.0	18749.0	28111.0	42212.0	60975.0	85862.0	117452.0	154517.0	202168.0	264245.0	350650.0	484801.0	745027.0	1186948.0	2256975.0	7731991.0
	2.0	3.0	4.0	5.0	6.0	7.0	8.0	9.0	10.0	11.0	12.0	13.0	14.0	15.0	16.0	17.0	18.0	19.0	20.0	21.0	22.0	23.0	24.0	25.0	26.0	27.0	28.0	29.0	30.0	31.0	32.0	33.0	34.0	35.0	36.0	37.0
Res2_RNA_I1_2	57911.0	15060.0	8260.0	5842.0	4410.0	4018.0	4245.0	4269.0	4754.0	5264.0	6127.0	7174.0	8981.0	12555.0	15859.0	18670.0	21259.0	25242.0	29367.0	34735.0	43494.0	55439.0	70613.0	88678.0	111556.0	139919.0	173815.0	214775.0	267794.0	337801.0	438089.0	597295.0	903333.0	1474472.0	2655114.0	5912588.0
	2.0	3.0	4.0	5.0	6.0	7.0	8.0	9.0	10.0	11.0	12.0	13.0	14.0	15.0	16.0	17.0	18.0	19.0	20.0	21.0	22.0	23.0	24.0	25.0	26.0	27.0	28.0	29.0	30.0	31.0	32.0	33.0	34.0	35.0	36.0	37.0	38.0	39.0
Res2_RNA_I2_1	534.0	131.0	50.0	71.0	91.0	122.0	151.0	198.0	264.0	315.0	464.0	659.0	1057.0	1615.0	2297.0	3179.0	4426.0	5945.0	7758.0	10317.0	14103.0	20256.0	31507.0	48253.0	72507.0	105129.0	148581.0	206450.0	282833.0	382566.0	523434.0	735677.0	1083182.0	1761186.0	3454473.0	4409339.0	2761808.0	7281039.0
	2.0	3.0	4.0	5.0	6.0	7.0	8.0	9.0	10.0	11.0	12.0	13.0	14.0	15.0	16.0	17.0	18.0	19.0	20.0	21.0	22.0	23.0	24.0	25.0	26.0	27.0	28.0	29.0	30.0	31.0	32.0	33.0	34.0	35.0	36.0	37.0	38.0	39.0
Res2_RNA_I2_2	37980.0	20502.0	10605.0	7425.0	6321.0	5489.0	5541.0	5525.0	6390.0	7445.0	9217.0	12974.0	17823.0	22991.0	29778.0	43164.0	63517.0	51540.0	63494.0	76466.0	94193.0	115814.0	141998.0	174955.0	214354.0	265730.0	327455.0	404978.0	508806.0	646337.0	836322.0	1105920.0	1481529.0	1996658.0	2626965.0	2448781.0	3863705.0	5603280.0
	2.0	3.0	4.0	5.0	6.0	7.0	8.0	9.0	10.0	11.0	12.0	13.0	14.0	15.0	16.0	17.0	18.0	19.0	20.0	21.0	22.0	23.0	24.0	25.0	26.0	27.0	28.0	29.0	30.0	31.0	32.0	33.0	34.0	35.0	36.0	37.0
Res2_RNA_I3_1	444.0	212.0	69.0	46.0	40.0	62.0	116.0	172.0	168.0	250.0	343.0	409.0	570.0	781.0	1056.0	1554.0	2307.0	3289.0	4646.0	6753.0	9912.0	14603.0	22108.0	33883.0	50744.0	72602.0	100950.0	136259.0	181782.0	242875.0	326726.0	464953.0	733089.0	1201079.0	2363993.0	7660077.0
	2.0	3.0	4.0	5.0	6.0	7.0	8.0	9.0	10.0	11.0	12.0	13.0	14.0	15.0	16.0	17.0	18.0	19.0	20.0	21.0	22.0	23.0	24.0	25.0	26.0	27.0	28.0	29.0	30.0	31.0	32.0	33.0	34.0	35.0	36.0	37.0
Res2_RNA_I3_2	51757.0	11590.0	5998.0	4281.0	3485.0	3061.0	3175.0	3343.0	3777.0	4144.0	4898.0	5980.0	7372.0	10300.0	13280.0	16021.0	18880.0	23282.0	27937.0	32649.0	41260.0	52747.0	67212.0	85148.0	107061.0	133788.0	167576.0	209298.0	261806.0	331750.0	435104.0	600315.0	919389.0	1523070.0	2769339.0	5678849.0
	2.0	3.0	4.0	5.0	6.0	7.0	8.0	9.0	10.0	11.0	12.0	13.0	14.0	15.0	16.0	17.0	18.0	19.0	20.0	21.0	22.0	23.0	24.0	25.0	26.0	27.0	28.0	29.0	30.0	31.0	32.0	33.0	34.0	35.0	36.0	37.0	38.0	39.0
Res2_RNA_I4_1	1197.0	341.0	108.0	102.0	107.0	147.0	181.0	225.0	263.0	363.0	409.0	611.0	802.0	1200.0	1606.0	2374.0	3549.0	5097.0	7354.0	10598.0	15817.0	23194.0	35385.0	53809.0	80263.0	114239.0	159342.0	218120.0	294225.0	395233.0	531657.0	730511.0	1055532.0	1675505.0	3294822.0	4994043.0	2363251.0	5614702.0
	2.0	3.0	4.0	5.0	6.0	7.0	8.0	9.0	10.0	11.0	12.0	13.0	14.0	15.0	16.0	17.0	18.0	19.0	20.0	21.0	22.0	23.0	24.0	25.0	26.0	27.0	28.0	29.0	30.0	31.0	32.0	33.0	34.0	35.0	36.0	37.0	38.0	39.0
Res2_RNA_I4_2	26791.0	15399.0	8098.0	6025.0	4710.0	4063.0	4232.0	4763.0	5387.0	6631.0	8454.0	12172.0	16850.0	22733.0	30915.0	44875.0	67173.0	63498.0	79537.0	95140.0	117334.0	144086.0	176747.0	215641.0	262447.0	319346.0	388834.0	478577.0	586972.0	732159.0	923853.0	1189006.0	1555441.0	2036861.0	2498001.0	2027348.0	3066846.0	4439339.0
	2.0	3.0	4.0	5.0	6.0	7.0	8.0	9.0	10.0	11.0	12.0	13.0	14.0	15.0	16.0	17.0	18.0	19.0	20.0	21.0	22.0	23.0	24.0	25.0	26.0	27.0	28.0	29.0	30.0	31.0	32.0	33.0	34.0	35.0	36.0	37.0
Res2_RNA_I5_1	4130.0	461.0	36.0	32.0	63.0	88.0	139.0	161.0	206.0	282.0	371.0	495.0	655.0	915.0	1323.0	1987.0	2978.0	3972.0	5384.0	7236.0	10299.0	15486.0	25005.0	41711.0	66441.0	102017.0	147984.0	205222.0	279577.0	376357.0	518846.0	768611.0	1350177.0	2073575.0	2463549.0	5264613.0
	2.0	3.0	4.0	5.0	6.0	7.0	8.0	9.0	10.0	11.0	12.0	13.0	14.0	15.0	16.0	17.0	18.0	19.0	20.0	21.0	22.0	23.0	24.0	25.0	26.0	27.0	28.0	29.0	30.0	31.0	32.0	33.0	34.0	35.0	36.0	37.0
Res2_RNA_I5_2	46060.0	12639.0	7239.0	5326.0	4092.0	3772.0	3983.0	4146.0	4686.0	5742.0	6645.0	8074.0	11226.0	20873.0	29380.0	32650.0	33455.0	35602.0	39193.0	44931.0	54654.0	68653.0	87454.0	111729.0	142460.0	181412.0	229354.0	288637.0	365821.0	467393.0	620810.0	881511.0	1469958.0	2308670.0	2278012.0	3824142.0
	2.0	3.0	4.0	5.0	6.0	7.0	8.0	9.0	10.0	11.0	12.0	13.0	14.0	15.0	16.0	17.0	18.0	19.0	20.0	21.0	22.0	23.0	24.0	25.0	26.0	27.0	28.0	29.0	30.0	31.0	32.0	33.0	34.0	35.0	36.0	37.0
Res2_RNA_I6_1	3071.0	1477.0	562.0	346.0	277.0	243.0	307.0	356.0	423.0	558.0	584.0	774.0	1069.0	1396.0	1992.0	2791.0	3921.0	5664.0	8183.0	11569.0	17825.0	26778.0	40899.0	61094.0	87757.0	120736.0	160249.0	209322.0	269918.0	347439.0	454909.0	611648.0	877057.0	1438893.0	3331952.0	12122366.0
	2.0	3.0	4.0	5.0	6.0	7.0	8.0	9.0	10.0	11.0	12.0	13.0	14.0	15.0	16.0	17.0	18.0	19.0	20.0	21.0	22.0	23.0	24.0	25.0	26.0	27.0	28.0	29.0	30.0	31.0	32.0	33.0	34.0	35.0	36.0	37.0
Res2_RNA_I6_2	101948.0	29777.0	15101.0	10413.0	8218.0	7398.0	7444.0	7655.0	7649.0	7841.0	8589.0	9551.0	10904.0	12976.0	15210.0	17655.0	20419.0	25533.0	31359.0	36206.0	45014.0	57601.0	73380.0	94109.0	119289.0	152304.0	193179.0	242963.0	309558.0	395907.0	520688.0	712974.0	1042737.0	1755541.0	4026498.0	10090817.0
	2.0	3.0	4.0	5.0	6.0	7.0	8.0	9.0	10.0	11.0	12.0	13.0	14.0	15.0	16.0	17.0	18.0	19.0	20.0	21.0	22.0	23.0	24.0	25.0	26.0	27.0	28.0	29.0	30.0	31.0	32.0	33.0	34.0	35.0	36.0	37.0
Res2_RNA_J1_1	1883.0	358.0	85.0	62.0	107.0	171.0	313.0	408.0	544.0	722.0	950.0	1178.0	1693.0	2234.0	3226.0	4557.0	6461.0	9151.0	13260.0	18804.0	27339.0	39517.0	59197.0	87771.0	126503.0	178002.0	241520.0	322749.0	424448.0	558333.0	741926.0	1021020.0	1494015.0	2497931.0	5955205.0	21040986.0
	2.0	3.0	4.0	5.0	6.0	7.0	8.0	9.0	10.0	11.0	12.0	13.0	14.0	15.0	16.0	17.0	18.0	19.0	20.0	21.0	22.0	23.0	24.0	25.0	26.0	27.0	28.0	29.0	30.0	31.0	32.0	33.0	34.0	35.0	36.0	37.0
Res2_RNA_J1_2	127520.0	25402.0	13849.0	10147.0	8827.0	8391.0	8754.0	9856.0	11129.0	13252.0	16154.0	19867.0	25737.0	33167.0	42181.0	52920.0	64916.0	81896.0	98814.0	117835.0	146591.0	183102.0	227009.0	279332.0	339858.0	410121.0	492080.0	591506.0	718678.0	883866.0	1118342.0	1482018.0	2111566.0	3428639.0	7299984.0	14379323.0
	2.0	3.0	4.0	5.0	6.0	7.0	8.0	9.0	10.0	11.0	12.0	13.0	14.0	15.0	16.0	17.0	18.0	19.0	20.0	21.0	22.0	23.0	24.0	25.0	26.0	27.0	28.0	29.0	30.0	31.0	32.0	33.0	34.0	35.0	36.0	37.0
Res2_RNA_J2_1	1482.0	485.0	155.0	110.0	133.0	176.0	207.0	329.0	328.0	454.0	601.0	803.0	1056.0	1404.0	1946.0	2704.0	3689.0	4924.0	6647.0	8960.0	12405.0	17497.0	25351.0	36936.0	52451.0	73052.0	98032.0	129619.0	168145.0	219048.0	285560.0	388577.0	564265.0	937293.0	2214019.0	7260833.0
	2.0	3.0	4.0	5.0	6.0	7.0	8.0	9.0	10.0	11.0	12.0	13.0	14.0	15.0	16.0	17.0	18.0	19.0	20.0	21.0	22.0	23.0	24.0	25.0	26.0	27.0	28.0	29.0	30.0	31.0	32.0	33.0	34.0	35.0	36.0	37.0
Res2_RNA_J2_2	57980.0	16484.0	8807.0	6185.0	5092.0	4786.0	5112.0	5145.0	5652.0	6517.0	7786.0	9401.0	11635.0	14204.0	17233.0	20518.0	24559.0	30329.0	35627.0	42712.0	53298.0	66666.0	82951.0	102442.0	124758.0	151539.0	182405.0	221201.0	268739.0	332209.0	424490.0	564715.0	806964.0	1313666.0	2730561.0	4757308.0
	2.0	3.0	4.0	5.0	6.0	7.0	8.0	9.0	10.0	11.0	12.0	13.0	14.0	15.0	16.0	17.0	18.0	19.0	20.0	21.0	22.0	23.0	24.0	25.0	26.0	27.0	28.0	29.0	30.0	31.0	32.0	33.0	34.0	35.0	36.0	37.0
Res2_RNA_J4_1	1727.0	533.0	225.0	135.0	103.0	111.0	158.0	203.0	287.0	361.0	422.0	578.0	839.0	1065.0	1565.0	2242.0	3229.0	4469.0	6103.0	8337.0	11814.0	16592.0	24108.0	34996.0	49438.0	67977.0	90871.0	119613.0	154804.0	201313.0	263189.0	356302.0	518830.0	859508.0	2033831.0	6277310.0
	2.0	3.0	4.0	5.0	6.0	7.0	8.0	9.0	10.0	11.0	12.0	13.0	14.0	15.0	16.0	17.0	18.0	19.0	20.0	21.0	22.0	23.0	24.0	25.0	26.0	27.0	28.0	29.0	30.0	31.0	32.0	33.0	34.0	35.0	36.0	37.0
Res2_RNA_J4_2	45711.0	10598.0	5420.0	3795.0	3132.0	2835.0	2863.0	2947.0	3278.0	3903.0	4504.0	5321.0	6868.0	8650.0	10609.0	13028.0	15904.0	19431.0	23221.0	27983.0	35531.0	44928.0	57471.0	72970.0	91768.0	112985.0	138630.0	170539.0	210975.0	264506.0	339278.0	455460.0	652893.0	1066027.0	2293508.0	4885718.0
	2.0	3.0	4.0	5.0	6.0	7.0	8.0	9.0	10.0	11.0	12.0	13.0	14.0	15.0	16.0	17.0	18.0	19.0	20.0	21.0	22.0	23.0	24.0	25.0	26.0	27.0	28.0	29.0	30.0	31.0	32.0	33.0	34.0	35.0	36.0	37.0	38.0	39.0
Res2_RNA_J5_1	1660.0	261.0	65.0	47.0	60.0	65.0	119.0	154.0	209.0	293.0	332.0	507.0	703.0	956.0	1456.0	2258.0	3220.0	4308.0	5939.0	8586.0	13026.0	22550.0	40193.0	70700.0	115786.0	178163.0	255386.0	351092.0	468598.0	623903.0	857894.0	1275867.0	2272087.0	3309863.0	2464330.0	4172173.0	1960226.0	5185021.0
	2.0	3.0	4.0	5.0	6.0	7.0	8.0	9.0	10.0	11.0	12.0	13.0	14.0	15.0	16.0	17.0	18.0	19.0	20.0	21.0	22.0	23.0	24.0	25.0	26.0	27.0	28.0	29.0	30.0	31.0	32.0	33.0	34.0	35.0	36.0	37.0	38.0	39.0
Res2_RNA_J5_2	61857.0	31851.0	16911.0	11698.0	9437.0	7673.0	7260.0	7775.0	8489.0	9040.0	10072.0	11802.0	17514.0	41474.0	66982.0	78806.0	86063.0	68893.0	70784.0	78341.0	94499.0	120727.0	158353.0	207167.0	271006.0	347708.0	442221.0	561337.0	715262.0	923336.0	1221636.0	1669972.0	2328180.0	2501172.0	2395806.0	2364831.0	2764995.0	3877126.0
	2.0	3.0	4.0	5.0	6.0	7.0	8.0	9.0	10.0	11.0	12.0	13.0	14.0	15.0	16.0	17.0	18.0	19.0	20.0	21.0	22.0	23.0	24.0	25.0	26.0	27.0	28.0	29.0	30.0	31.0	32.0	33.0	34.0	35.0	36.0	37.0
Res2_RNA_J6_1	728.0	493.0	154.0	103.0	91.0	118.0	170.0	194.0	254.0	353.0	450.0	515.0	744.0	1021.0	1511.0	2024.0	2877.0	4243.0	6175.0	8402.0	13638.0	16054.0	22820.0	32588.0	46614.0	64372.0	86502.0	115838.0	152558.0	202098.0	270045.0	373774.0	550520.0	929668.0	2215252.0	6150142.0
	2.0	3.0	4.0	5.0	6.0	7.0	8.0	9.0	10.0	11.0	12.0	13.0	14.0	15.0	16.0	17.0	18.0	19.0	20.0	21.0	22.0	23.0	24.0	25.0	26.0	27.0	28.0	29.0	30.0	31.0	32.0	33.0	34.0	35.0	36.0	37.0
Res2_RNA_J6_2	47501.0	11372.0	6086.0	4382.0	3688.0	3265.0	3457.0	3617.0	4068.0	4688.0	5451.0	6476.0	7957.0	10161.0	12590.0	15470.0	18976.0	22795.0	27453.0	32872.0	41189.0	51801.0	64600.0	79161.0	98256.0	120508.0	146923.0	180823.0	221916.0	278872.0	357925.0	476418.0	681745.0	1103380.0	2356463.0	4760798.0

