	126
Res2_RNA_A1_1	19913951.0
	126
Res2_RNA_A1_2	19913951.0
	126
Res2_RNA_A2_1	20029269.0
	126
Res2_RNA_A2_2	20029269.0
	34	36	38	40	42	44	46	48	50	52	54	56	58	60	62	64	66	68	70	72	74	76	78	80	82	84	86	88	90	92	94	96	98	100	102	104	106	108	110	112	114	116	118	120	122	124	126
Res2_RNA_A3_1	647.0	296.0	503.0	680.0	818.0	916.0	1005.0	1279.0	1863.0	2388.0	2553.0	3238.0	3900.0	4335.0	6404.0	6668.0	8001.0	10428.0	13434.0	52000.0	1233526.0	3626138.0	0.0	0.0	0.0	0.0	0.0	0.0	0.0	0.0	0.0	0.0	0.0	0.0	0.0	0.0	0.0	0.0	0.0	0.0	0.0	0.0	0.0	0.0	0.0	0.0	13233471.0
	34	36	38	40	42	44	46	48	50	52	54	56	58	60	62	64	66	68	70	72	74	76	78	80	82	84	86	88	90	92	94	96	98	100	102	104	106	108	110	112	114	116	118	120	122	124	126
Res2_RNA_A3_2	630.0	290.0	503.0	661.0	806.0	900.0	984.0	1254.0	1825.0	2354.0	2519.0	3215.0	3856.0	4294.0	6351.0	6612.0	8077.0	10514.0	14095.0	131484.0	1670781.0	3109015.0	0.0	0.0	0.0	0.0	0.0	0.0	0.0	0.0	0.0	0.0	0.0	0.0	0.0	0.0	0.0	0.0	0.0	0.0	0.0	0.0	0.0	0.0	0.0	0.0	13233471.0
	34	36	38	40	42	44	46	48	50	52	54	56	58	60	62	64	66	68	70	72	74	76	78	80	82	84	86	88	90	92	94	96	98	100	102	104	106	108	110	112	114	116	118	120	122	124	126
Res2_RNA_A4_1	1524.0	740.0	970.0	1407.0	1554.0	1668.0	1857.0	2442.0	3254.0	4056.0	4500.0	5599.0	6586.0	7191.0	10062.0	10433.0	12964.0	16180.0	26814.0	79109.0	1917182.0	5629040.0	0.0	0.0	0.0	0.0	0.0	0.0	0.0	0.0	0.0	0.0	0.0	0.0	0.0	0.0	0.0	0.0	0.0	0.0	0.0	0.0	0.0	0.0	0.0	0.0	10756391.0
	34	36	38	40	42	44	46	48	50	52	54	56	58	60	62	64	66	68	70	72	74	76	78	80	82	84	86	88	90	92	94	96	98	100	102	104	106	108	110	112	114	116	118	120	122	124	126
Res2_RNA_A4_2	1491.0	729.0	938.0	1373.0	1522.0	1623.0	1808.0	2392.0	3197.0	3966.0	4413.0	5546.0	6479.0	7093.0	9965.0	10326.0	12855.0	16226.0	22265.0	186484.0	2445504.0	4998937.0	0.0	0.0	0.0	0.0	0.0	0.0	0.0	0.0	0.0	0.0	0.0	0.0	0.0	0.0	0.0	0.0	0.0	0.0	0.0	0.0	0.0	0.0	0.0	0.0	10756391.0
	34	36	38	40	42	44	46	48	50	52	54	56	58	60	62	64	66	68	70	72	74	76	78	80	82	84	86	88	90	92	94	96	98	100	102	104	106	108	110	112	114	116	118	120	122	124	126
Res2_RNA_A5_1	912.0	494.0	663.0	950.0	1061.0	1247.0	1398.0	1759.0	2371.0	2914.0	3196.0	4344.0	5100.0	5485.0	7388.0	7770.0	9953.0	11904.0	20504.0	69855.0	1580715.0	4527995.0	0.0	0.0	0.0	0.0	0.0	0.0	0.0	0.0	0.0	0.0	0.0	0.0	0.0	0.0	0.0	0.0	0.0	0.0	0.0	0.0	0.0	0.0	0.0	0.0	12720431.0
	34	36	38	40	42	44	46	48	50	52	54	56	58	60	62	64	66	68	70	72	74	76	78	80	82	84	86	88	90	92	94	96	98	100	102	104	106	108	110	112	114	116	118	120	122	124	126
Res2_RNA_A5_2	905.0	489.0	647.0	917.0	1038.0	1210.0	1367.0	1716.0	2306.0	2843.0	3150.0	4272.0	5039.0	5388.0	7316.0	7662.0	9914.0	11942.0	17322.0	161984.0	2056538.0	3964013.0	0.0	0.0	0.0	0.0	0.0	0.0	0.0	0.0	0.0	0.0	0.0	0.0	0.0	0.0	0.0	0.0	0.0	0.0	0.0	0.0	0.0	0.0	0.0	0.0	12720431.0
	34	36	38	40	42	44	46	48	50	52	54	56	58	60	62	64	66	68	70	72	74	76	78	80	82	84	86	88	90	92	94	96	98	100	102	104	106	108	110	112	114	116	118	120	122	124	126
Res2_RNA_A6_1	1126.0	506.0	707.0	867.0	1072.0	1105.0	1352.0	1603.0	2084.0	2536.0	2855.0	3482.0	4150.0	4726.0	6366.0	6760.0	8169.0	10289.0	16294.0	61438.0	1380088.0	3822126.0	0.0	0.0	0.0	0.0	0.0	0.0	0.0	0.0	0.0	0.0	0.0	0.0	0.0	0.0	0.0	0.0	0.0	0.0	0.0	0.0	0.0	0.0	0.0	0.0	11519912.0
	34	36	38	40	42	44	46	48	50	52	54	56	58	60	62	64	66	68	70	72	74	76	78	80	82	84	86	88	90	92	94	96	98	100	102	104	106	108	110	112	114	116	118	120	122	124	126
Res2_RNA_A6_2	1102.0	498.0	684.0	848.0	1037.0	1073.0	1306.0	1557.0	2054.0	2499.0	2783.0	3441.0	4098.0	4653.0	6290.0	6688.0	8119.0	10295.0	14035.0	145031.0	1775273.0	3346337.0	0.0	0.0	0.0	0.0	0.0	0.0	0.0	0.0	0.0	0.0	0.0	0.0	0.0	0.0	0.0	0.0	0.0	0.0	0.0	0.0	0.0	0.0	0.0	0.0	11519912.0
	126
Res2_RNA_B1_1	20718594.0
	126
Res2_RNA_B1_2	20718594.0
	34	36	38	40	42	44	46	48	50	52	54	56	58	60	62	64	66	68	70	72	74	76	78	80	82	84	86	88	90	92	94	96	98	100	102	104	106	108	110	112	114	116	118	120	122	124	126
Res2_RNA_B2_1	397.0	203.0	305.0	384.0	451.0	504.0	543.0	731.0	977.0	1229.0	1361.0	1732.0	2172.0	2333.0	3094.0	3557.0	4105.0	5117.0	7642.0	28653.0	665312.0	1933055.0	0.0	0.0	0.0	0.0	0.0	0.0	0.0	0.0	0.0	0.0	0.0	0.0	0.0	0.0	0.0	0.0	0.0	0.0	0.0	0.0	0.0	0.0	0.0	0.0	12920752.0
	34	36	38	40	42	44	46	48	50	52	54	56	58	60	62	64	66	68	70	72	74	76	78	80	82	84	86	88	90	92	94	96	98	100	102	104	106	108	110	112	114	116	118	120	122	124	126
Res2_RNA_B2_2	390.0	200.0	303.0	386.0	441.0	501.0	519.0	714.0	966.0	1206.0	1350.0	1720.0	2155.0	2298.0	3076.0	3549.0	4109.0	5147.0	6925.0	71723.0	895173.0	1661006.0	0.0	0.0	0.0	0.0	0.0	0.0	0.0	0.0	0.0	0.0	0.0	0.0	0.0	0.0	0.0	0.0	0.0	0.0	0.0	0.0	0.0	0.0	0.0	0.0	12920752.0
	126
Res2_RNA_B3_1	14376019.0
	126
Res2_RNA_B3_2	14376019.0
	34	36	38	40	42	44	46	48	50	52	54	56	58	60	62	64	66	68	70	72	74	76	78	80	82	84	86	88	90	92	94	96	98	100	102	104	106	108	110	112	114	116	118	120	122	124	126
Res2_RNA_B4_1	774.0	473.0	663.0	937.0	1131.0	1193.0	1503.0	1853.0	2395.0	3055.0	3461.0	4162.0	5016.0	5814.0	7620.0	8209.0	9578.0	11285.0	18070.0	64752.0	1398030.0	3886914.0	0.0	0.0	0.0	0.0	0.0	0.0	0.0	0.0	0.0	0.0	0.0	0.0	0.0	0.0	0.0	0.0	0.0	0.0	0.0	0.0	0.0	0.0	0.0	0.0	11084946.0
	34	36	38	40	42	44	46	48	50	52	54	56	58	60	62	64	66	68	70	72	74	76	78	80	82	84	86	88	90	92	94	96	98	100	102	104	106	108	110	112	114	116	118	120	122	124	126
Res2_RNA_B4_2	692.0	423.0	593.0	818.0	995.0	1061.0	1305.0	1634.0	2115.0	2841.0	3212.0	3909.0	4677.0	5398.0	7307.0	7961.0	9155.0	10752.0	14859.0	141269.0	1797925.0	3417987.0	0.0	0.0	0.0	0.0	0.0	0.0	0.0	0.0	0.0	0.0	0.0	0.0	0.0	0.0	0.0	0.0	0.0	0.0	0.0	0.0	0.0	0.0	0.0	0.0	11084946.0
	34	36	38	40	42	44	46	48	50	52	54	56	58	60	62	64	66	68	70	72	74	76	78	80	82	84	86	88	90	92	94	96	98	100	102	104	106	108	110	112	114	116	118	120	122	124	126
Res2_RNA_B5_1	367.0	151.0	201.0	269.0	327.0	322.0	370.0	433.0	525.0	711.0	738.0	817.0	920.0	1139.0	1428.0	1607.0	1866.0	2091.0	4633.0	27688.0	720418.0	1939267.0	0.0	0.0	0.0	0.0	0.0	0.0	0.0	0.0	0.0	0.0	0.0	0.0	0.0	0.0	0.0	0.0	0.0	0.0	0.0	0.0	0.0	0.0	0.0	0.0	11783661.0
	34	36	38	40	42	44	46	48	50	52	54	56	58	60	62	64	66	68	70	72	74	76	78	80	82	84	86	88	90	92	94	96	98	100	102	104	106	108	110	112	114	116	118	120	122	124	126
Res2_RNA_B5_2	356.0	147.0	193.0	256.0	314.0	314.0	357.0	422.0	502.0	697.0	719.0	804.0	903.0	1120.0	1418.0	1622.0	1898.0	2149.0	4050.0	74019.0	925873.0	1688155.0	0.0	0.0	0.0	0.0	0.0	0.0	0.0	0.0	0.0	0.0	0.0	0.0	0.0	0.0	0.0	0.0	0.0	0.0	0.0	0.0	0.0	0.0	0.0	0.0	11783661.0
	34	36	38	40	42	44	46	48	50	52	54	56	58	60	62	64	66	68	70	72	74	76	78	80	82	84	86	88	90	92	94	96	98	100	102	104	106	108	110	112	114	116	118	120	122	124	126
Res2_RNA_B6_1	229.0	107.0	143.0	246.0	245.0	272.0	345.0	397.0	492.0	649.0	751.0	842.0	988.0	1208.0	1553.0	1736.0	1897.0	2462.0	3682.0	13945.0	311171.0	830571.0	0.0	0.0	0.0	0.0	0.0	0.0	0.0	0.0	0.0	0.0	0.0	0.0	0.0	0.0	0.0	0.0	0.0	0.0	0.0	0.0	0.0	0.0	0.0	0.0	14056463.0
	34	36	38	40	42	44	46	48	50	52	54	56	58	60	62	64	66	68	70	72	74	76	78	80	82	84	86	88	90	92	94	96	98	100	102	104	106	108	110	112	114	116	118	120	122	124	126
Res2_RNA_B6_2	223.0	104.0	139.0	241.0	243.0	265.0	336.0	389.0	483.0	636.0	742.0	824.0	976.0	1195.0	1544.0	1738.0	1936.0	2462.0	3510.0	32024.0	388001.0	735920.0	0.0	0.0	0.0	0.0	0.0	0.0	0.0	0.0	0.0	0.0	0.0	0.0	0.0	0.0	0.0	0.0	0.0	0.0	0.0	0.0	0.0	0.0	0.0	0.0	14056463.0
	34	36	38	40	42	44	46	48	50	52	54	56	58	60	62	64	66	68	70	72	74	76	78	80	82	84	86	88	90	92	94	96	98	100	102	104	106	108	110	112	114	116	118	120	122	124	126
Res2_RNA_C1_1	180.0	79.0	97.0	143.0	181.0	180.0	196.0	235.0	279.0	389.0	415.0	493.0	518.0	685.0	711.0	793.0	894.0	1016.0	1487.0	8830.0	187074.0	470012.0	0.0	0.0	0.0	0.0	0.0	0.0	0.0	0.0	0.0	0.0	0.0	0.0	0.0	0.0	0.0	0.0	0.0	0.0	0.0	0.0	0.0	0.0	0.0	0.0	18829551.0
	34	36	38	40	42	44	46	48	50	52	54	56	58	60	62	64	66	68	70	72	74	76	78	80	82	84	86	88	90	92	94	96	98	100	102	104	106	108	110	112	114	116	118	120	122	124	126
Res2_RNA_C1_2	170.0	77.0	98.0	136.0	169.0	168.0	191.0	229.0	262.0	373.0	405.0	481.0	500.0	663.0	703.0	794.0	891.0	1035.0	1820.0	15844.0	221400.0	428478.0	0.0	0.0	0.0	0.0	0.0	0.0	0.0	0.0	0.0	0.0	0.0	0.0	0.0	0.0	0.0	0.0	0.0	0.0	0.0	0.0	0.0	0.0	0.0	0.0	18829551.0
	34	36	38	40	42	44	46	48	50	52	54	56	58	60	62	64	66	68	70	72	74	76	78	80	82	84	86	88	90	92	94	96	98	100	102	104	106	108	110	112	114	116	118	120	122	124	126
Res2_RNA_C2_1	111.0	67.0	95.0	145.0	179.0	183.0	248.0	313.0	470.0	528.0	636.0	887.0	1096.0	1235.0	1423.0	1683.0	2018.0	2291.0	3602.0	13967.0	288907.0	755794.0	0.0	0.0	0.0	0.0	0.0	0.0	0.0	0.0	0.0	0.0	0.0	0.0	0.0	0.0	0.0	0.0	0.0	0.0	0.0	0.0	0.0	0.0	0.0	0.0	13842056.0
	34	36	38	40	42	44	46	48	50	52	54	56	58	60	62	64	66	68	70	72	74	76	78	80	82	84	86	88	90	92	94	96	98	100	102	104	106	108	110	112	114	116	118	120	122	124	126
Res2_RNA_C2_2	108.0	69.0	94.0	142.0	178.0	179.0	243.0	310.0	462.0	526.0	633.0	883.0	1087.0	1220.0	1414.0	1741.0	2024.0	2322.0	3505.0	29906.0	358576.0	670256.0	0.0	0.0	0.0	0.0	0.0	0.0	0.0	0.0	0.0	0.0	0.0	0.0	0.0	0.0	0.0	0.0	0.0	0.0	0.0	0.0	0.0	0.0	0.0	0.0	13842056.0
	34	36	38	40	42	44	46	48	50	52	54	56	58	60	62	64	66	68	70	72	74	76	78	80	82	84	86	88	90	92	94	96	98	100	102	104	106	108	110	112	114	116	118	120	122	124	126
Res2_RNA_C3_1	1957.0	950.0	1212.0	1567.0	1888.0	2252.0	2399.0	3053.0	3932.0	4842.0	5631.0	7767.0	7772.0	8844.0	10938.0	11487.0	14228.0	16027.0	23792.0	94973.0	2310284.0	5940315.0	0.0	0.0	0.0	0.0	0.0	0.0	0.0	0.0	0.0	0.0	0.0	0.0	0.0	0.0	0.0	0.0	0.0	0.0	0.0	0.0	0.0	0.0	0.0	0.0	11881241.0
	34	36	38	40	42	44	46	48	50	52	54	56	58	60	62	64	66	68	70	72	74	76	78	80	82	84	86	88	90	92	94	96	98	100	102	104	106	108	110	112	114	116	118	120	122	124	126
Res2_RNA_C3_2	1862.0	897.0	1142.0	1489.0	1796.0	2143.0	2258.0	2860.0	3712.0	4650.0	5359.0	7550.0	7466.0	8472.0	10632.0	11447.0	14054.0	16055.0	22382.0	198058.0	2763429.0	5388397.0	0.0	0.0	0.0	0.0	0.0	0.0	0.0	0.0	0.0	0.0	0.0	0.0	0.0	0.0	0.0	0.0	0.0	0.0	0.0	0.0	0.0	0.0	0.0	0.0	11881241.0
	126
Res2_RNA_C4_1	13064133.0
	126
Res2_RNA_C4_2	13064133.0
	34	36	38	40	42	44	46	48	50	52	54	56	58	60	62	64	66	68	70	72	74	76	78	80	82	84	86	88	90	92	94	96	98	100	102	104	106	108	110	112	114	116	118	120	122	124	126
Res2_RNA_C5_1	4224.0	2267.0	3027.0	4323.0	4965.0	5378.0	6010.0	6545.0	8245.0	10635.0	12069.0	13308.0	16426.0	19421.0	22350.0	23269.0	27417.0	29544.0	41282.0	100969.0	2066613.0	4752192.0	0.0	0.0	0.0	0.0	0.0	0.0	0.0	0.0	0.0	0.0	0.0	0.0	0.0	0.0	0.0	0.0	0.0	0.0	0.0	0.0	0.0	0.0	0.0	0.0	13675510.0
	34	36	38	40	42	44	46	48	50	52	54	56	58	60	62	64	66	68	70	72	74	76	78	80	82	84	86	88	90	92	94	96	98	100	102	104	106	108	110	112	114	116	118	120	122	124	126
Res2_RNA_C5_2	4116.0	2204.0	2957.0	4193.0	4844.0	5231.0	5879.0	6376.0	8095.0	10389.0	11846.0	13115.0	16122.0	19062.0	22000.0	23094.0	27369.0	29574.0	36969.0	174916.0	2459043.0	4293085.0	0.0	0.0	0.0	0.0	0.0	0.0	0.0	0.0	0.0	0.0	0.0	0.0	0.0	0.0	0.0	0.0	0.0	0.0	0.0	0.0	0.0	0.0	0.0	0.0	13675510.0
	34	36	38	40	42	44	46	48	50	52	54	56	58	60	62	64	66	68	70	72	74	76	78	80	82	84	86	88	90	92	94	96	98	100	102	104	106	108	110	112	114	116	118	120	122	124	126
Res2_RNA_C6_1	220.0	112.0	175.0	197.0	225.0	292.0	325.0	381.0	511.0	620.0	694.0	927.0	1154.0	1292.0	1474.0	1631.0	1924.0	2208.0	3211.0	13022.0	294166.0	765782.0	0.0	0.0	0.0	0.0	0.0	0.0	0.0	0.0	0.0	0.0	0.0	0.0	0.0	0.0	0.0	0.0	0.0	0.0	0.0	0.0	0.0	0.0	0.0	0.0	16087383.0
	34	36	38	40	42	44	46	48	50	52	54	56	58	60	62	64	66	68	70	72	74	76	78	80	82	84	86	88	90	92	94	96	98	100	102	104	106	108	110	112	114	116	118	120	122	124	126
Res2_RNA_C6_2	207.0	102.0	169.0	182.0	202.0	273.0	293.0	358.0	489.0	587.0	661.0	885.0	1089.0	1236.0	1427.0	1597.0	1887.0	2163.0	3082.0	27854.0	351987.0	693813.0	0.0	0.0	0.0	0.0	0.0	0.0	0.0	0.0	0.0	0.0	0.0	0.0	0.0	0.0	0.0	0.0	0.0	0.0	0.0	0.0	0.0	0.0	0.0	0.0	16087383.0
	126
Res2_RNA_D1_1	12335756.0
	126
Res2_RNA_D1_2	12335756.0
	126
Res2_RNA_D2_1	10065106.0
	126
Res2_RNA_D2_2	10065106.0
	34	36	38	40	42	44	46	48	50	52	54	56	58	60	62	64	66	68	70	72	74	76	78	80	82	84	86	88	90	92	94	96	98	100	102	104	106	108	110	112	114	116	118	120	122	124	126
Res2_RNA_D3_1	1101.0	549.0	824.0	1246.0	1406.0	1515.0	1844.0	2262.0	2806.0	3647.0	4356.0	4552.0	5642.0	7162.0	8935.0	9803.0	11096.0	12803.0	16176.0	47410.0	877540.0	2251618.0	0.0	0.0	0.0	0.0	0.0	0.0	0.0	0.0	0.0	0.0	0.0	0.0	0.0	0.0	0.0	0.0	0.0	0.0	0.0	0.0	0.0	0.0	0.0	0.0	9570270.0
	34	36	38	40	42	44	46	48	50	52	54	56	58	60	62	64	66	68	70	72	74	76	78	80	82	84	86	88	90	92	94	96	98	100	102	104	106	108	110	112	114	116	118	120	122	124	126
Res2_RNA_D3_2	1096.0	539.0	812.0	1213.0	1395.0	1479.0	1801.0	2216.0	2780.0	3591.0	4301.0	4530.0	5595.0	7094.0	8897.0	9799.0	11186.0	12957.0	16031.0	116737.0	1128891.0	1931353.0	0.0	0.0	0.0	0.0	0.0	0.0	0.0	0.0	0.0	0.0	0.0	0.0	0.0	0.0	0.0	0.0	0.0	0.0	0.0	0.0	0.0	0.0	0.0	0.0	9570270.0
	126
Res2_RNA_D4_1	11270415.0
	126
Res2_RNA_D4_2	11270415.0
	34	36	38	40	42	44	46	48	50	52	54	56	58	60	62	64	66	68	70	72	74	76	78	80	82	84	86	88	90	92	94	96	98	100	102	104	106	108	110	112	114	116	118	120	122	124	126
Res2_RNA_D5_1	196.0	111.0	171.0	229.0	230.0	281.0	298.0	410.0	513.0	612.0	739.0	806.0	990.0	1122.0	1590.0	1639.0	1980.0	2164.0	3429.0	9321.0	208695.0	558811.0	0.0	0.0	0.0	0.0	0.0	0.0	0.0	0.0	0.0	0.0	0.0	0.0	0.0	0.0	0.0	0.0	0.0	0.0	0.0	0.0	0.0	0.0	0.0	0.0	14162868.0
	34	36	38	40	42	44	46	48	50	52	54	56	58	60	62	64	66	68	70	72	74	76	78	80	82	84	86	88	90	92	94	96	98	100	102	104	106	108	110	112	114	116	118	120	122	124	126
Res2_RNA_D5_2	195.0	112.0	163.0	225.0	227.0	283.0	285.0	401.0	499.0	600.0	732.0	801.0	979.0	1104.0	1586.0	1637.0	2003.0	2167.0	2994.0	22964.0	278826.0	475554.0	0.0	0.0	0.0	0.0	0.0	0.0	0.0	0.0	0.0	0.0	0.0	0.0	0.0	0.0	0.0	0.0	0.0	0.0	0.0	0.0	0.0	0.0	0.0	0.0	14162868.0
	126
Res2_RNA_D6_1	10358596.0
	126
Res2_RNA_D6_2	10358596.0
	35	36	37	38	39	40	41	42	43	44	45	46	47	48	49	50	51	52	53	54	55	56	57	58	59	60	61	62	63	64	65	66	67	68	69	70	71	72	73	74	75	76
Res2_RNA_E1_1	14752.0	3146.0	3332.0	3887.0	3981.0	4582.0	5445.0	5485.0	5766.0	5874.0	6011.0	6281.0	6405.0	6917.0	7597.0	8604.0	8596.0	10152.0	10410.0	10594.0	11014.0	11454.0	12608.0	13283.0	14555.0	14423.0	15753.0	18728.0	20001.0	19558.0	19825.0	21960.0	23496.0	27486.0	26496.0	28317.0	39593.0	36985.0	73190.0	410736.0	1675958.0	5807769.0
	35	36	37	38	39	40	41	42	43	44	45	46	47	48	49	50	51	52	53	54	55	56	57	58	59	60	61	62	63	64	65	66	67	68	69	70	71	72	73	74	75	76
Res2_RNA_E1_2	14227.0	3049.0	3213.0	3759.0	3870.0	4454.0	5276.0	5335.0	5595.0	5673.0	5823.0	6125.0	6206.0	6682.0	7417.0	8423.0	8348.0	9901.0	10198.0	10299.0	10768.0	11239.0	12425.0	13047.0	14331.0	14169.0	15370.0	18460.0	19689.0	19287.0	21297.0	21757.0	23519.0	27590.0	26720.0	28847.0	29077.0	58740.0	213022.0	699835.0	2062707.0	4985236.0
	34	36	38	40	42	44	46	48	50	52	54	56	58	60	62	64	66	68	70	72	74	76	78	80	82	84	86	88	90	92	94	96	98	100	102	104	106	108	110	112	114	116	118	120	122	124	126
Res2_RNA_E2_1	3125.0	1508.0	2048.0	2809.0	3244.0	3585.0	4089.0	4663.0	5812.0	7410.0	8149.0	9475.0	11349.0	12996.0	17284.0	18182.0	21358.0	25131.0	40461.0	76392.0	2041846.0	5191659.0	0.0	0.0	0.0	0.0	0.0	0.0	0.0	0.0	0.0	0.0	0.0	0.0	0.0	0.0	0.0	0.0	0.0	0.0	0.0	0.0	0.0	0.0	0.0	0.0	10475636.0
	34	36	38	40	42	44	46	48	50	52	54	56	58	60	62	64	66	68	70	72	74	76	78	80	82	84	86	88	90	92	94	96	98	100	102	104	106	108	110	112	114	116	118	120	122	124	126
Res2_RNA_E2_2	3062.0	1477.0	1990.0	2746.0	3155.0	3512.0	3983.0	4584.0	5700.0	7260.0	8033.0	9397.0	11187.0	12796.0	17089.0	20536.0	21364.0	25243.0	31013.0	217868.0	2526801.0	4573779.0	0.0	0.0	0.0	0.0	0.0	0.0	0.0	0.0	0.0	0.0	0.0	0.0	0.0	0.0	0.0	0.0	0.0	0.0	0.0	0.0	0.0	0.0	0.0	0.0	10475636.0
	34	36	38	40	42	44	46	48	50	52	54	56	58	60	62	64	66	68	70	72	74	76	78	80	82	84	86	88	90	92	94	96	98	100	102	104	106	108	110	112	114	116	118	120	122	124	126
Res2_RNA_E3_1	4236.0	2124.0	2961.0	4274.0	5124.0	5417.0	6158.0	7034.0	9213.0	11572.0	13018.0	14430.0	17676.0	21093.0	27346.0	29394.0	32795.0	37752.0	62383.0	104479.0	2547481.0	6237076.0	0.0	0.0	0.0	0.0	0.0	0.0	0.0	0.0	0.0	0.0	0.0	0.0	0.0	0.0	0.0	0.0	0.0	0.0	0.0	0.0	0.0	0.0	0.0	0.0	11241091.0
	34	36	38	40	42	44	46	48	50	52	54	56	58	60	62	64	66	68	70	72	74	76	78	80	82	84	86	88	90	92	94	96	98	100	102	104	106	108	110	112	114	116	118	120	122	124	126
Res2_RNA_E3_2	4137.0	2088.0	2900.0	4161.0	4985.0	5326.0	6036.0	6899.0	9072.0	11370.0	12784.0	14279.0	17506.0	20812.0	27075.0	33757.0	33194.0	37997.0	46011.0	302577.0	3159276.0	5440794.0	0.0	0.0	0.0	0.0	0.0	0.0	0.0	0.0	0.0	0.0	0.0	0.0	0.0	0.0	0.0	0.0	0.0	0.0	0.0	0.0	0.0	0.0	0.0	0.0	11241091.0
	34	36	38	40	42	44	46	48	50	52	54	56	58	60	62	64	66	68	70	72	74	76	78	80	82	84	86	88	90	92	94	96	98	100	102	104	106	108	110	112	114	116	118	120	122	124	126
Res2_RNA_E4_1	1184.0	732.0	1095.0	1680.0	1967.0	2343.0	2912.0	3669.0	5084.0	6151.0	6851.0	8253.0	10226.0	12102.0	15962.0	16971.0	19458.0	23264.0	50922.0	102491.0	2045227.0	5566198.0	0.0	0.0	0.0	0.0	0.0	0.0	0.0	0.0	0.0	0.0	0.0	0.0	0.0	0.0	0.0	0.0	0.0	0.0	0.0	0.0	0.0	0.0	0.0	0.0	10149313.0
	34	36	38	40	42	44	46	48	50	52	54	56	58	60	62	64	66	68	70	72	74	76	78	80	82	84	86	88	90	92	94	96	98	100	102	104	106	108	110	112	114	116	118	120	122	124	126
Res2_RNA_E4_2	1167.0	709.0	1072.0	1639.0	1918.0	2333.0	2861.0	3592.0	4995.0	6063.0	6774.0	8244.0	10206.0	12002.0	15848.0	17040.0	19498.0	23426.0	31347.0	231370.0	2696235.0	4806403.0	0.0	0.0	0.0	0.0	0.0	0.0	0.0	0.0	0.0	0.0	0.0	0.0	0.0	0.0	0.0	0.0	0.0	0.0	0.0	0.0	0.0	0.0	0.0	0.0	10149313.0
	34	36	38	40	42	44	46	48	50	52	54	56	58	60	62	64	66	68	70	72	74	76	78	80	82	84	86	88	90	92	94	96	98	100	102	104	106	108	110	112	114	116	118	120	122	124	126
Res2_RNA_E5_1	2123.0	902.0	1220.0	1477.0	1819.0	1870.0	2081.0	2531.0	3228.0	4129.0	4571.0	5150.0	5871.0	7123.0	9361.0	9626.0	11489.0	13082.0	36011.0	76369.0	2128317.0	5638789.0	0.0	0.0	0.0	0.0	0.0	0.0	0.0	0.0	0.0	0.0	0.0	0.0	0.0	0.0	0.0	0.0	0.0	0.0	0.0	0.0	0.0	0.0	0.0	0.0	11331870.0
	34	36	38	40	42	44	46	48	50	52	54	56	58	60	62	64	66	68	70	72	74	76	78	80	82	84	86	88	90	92	94	96	98	100	102	104	106	108	110	112	114	116	118	120	122	124	126
Res2_RNA_E5_2	2043.0	875.0	1199.0	1429.0	1765.0	1811.0	1993.0	2451.0	3123.0	4039.0	4459.0	5048.0	5712.0	6943.0	9147.0	12278.0	11510.0	13362.0	19534.0	220505.0	2694054.0	4943859.0	0.0	0.0	0.0	0.0	0.0	0.0	0.0	0.0	0.0	0.0	0.0	0.0	0.0	0.0	0.0	0.0	0.0	0.0	0.0	0.0	0.0	0.0	0.0	0.0	11331870.0
	34	36	38	40	42	44	46	48	50	52	54	56	58	60	62	64	66	68	70	72	74	76	78	80	82	84	86	88	90	92	94	96	98	100	102	104	106	108	110	112	114	116	118	120	122	124	126
Res2_RNA_E6_1	173.0	97.0	121.0	191.0	216.0	292.0	321.0	392.0	591.0	723.0	744.0	927.0	1100.0	1209.0	1696.0	1879.0	2126.0	2646.0	4580.0	11107.0	215882.0	596581.0	0.0	0.0	0.0	0.0	0.0	0.0	0.0	0.0	0.0	0.0	0.0	0.0	0.0	0.0	0.0	0.0	0.0	0.0	0.0	0.0	0.0	0.0	0.0	0.0	12101978.0
	34	36	38	40	42	44	46	48	50	52	54	56	58	60	62	64	66	68	70	72	74	76	78	80	82	84	86	88	90	92	94	96	98	100	102	104	106	108	110	112	114	116	118	120	122	124	126
Res2_RNA_E6_2	170.0	97.0	120.0	190.0	215.0	290.0	318.0	386.0	579.0	707.0	743.0	928.0	1101.0	1201.0	1688.0	1997.0	2127.0	2662.0	3536.0	24802.0	292262.0	507475.0	0.0	0.0	0.0	0.0	0.0	0.0	0.0	0.0	0.0	0.0	0.0	0.0	0.0	0.0	0.0	0.0	0.0	0.0	0.0	0.0	0.0	0.0	0.0	0.0	12101978.0
	126
Res2_RNA_F1_1	28282627.0
	126
Res2_RNA_F1_2	28282627.0
	126
Res2_RNA_F2_1	10652548.0
	126
Res2_RNA_F2_2	10652548.0
	126
Res2_RNA_F3_1	14126834.0
	126
Res2_RNA_F3_2	14126834.0
	34	36	38	40	42	44	46	48	50	52	54	56	58	60	62	64	66	68	70	72	74	76	78	80	82	84	86	88	90	92	94	96	98	100	102	104	106	108	110	112	114	116	118	120	122	124	126
Res2_RNA_F4_1	100.0	52.0	67.0	81.0	102.0	98.0	170.0	182.0	275.0	343.0	388.0	462.0	586.0	692.0	816.0	912.0	1131.0	1259.0	2716.0	9611.0	227144.0	589258.0	0.0	0.0	0.0	0.0	0.0	0.0	0.0	0.0	0.0	0.0	0.0	0.0	0.0	0.0	0.0	0.0	0.0	0.0	0.0	0.0	0.0	0.0	0.0	0.0	14455837.0
	34	36	38	40	42	44	46	48	50	52	54	56	58	60	62	64	66	68	70	72	74	76	78	80	82	84	86	88	90	92	94	96	98	100	102	104	106	108	110	112	114	116	118	120	122	124	126
Res2_RNA_F4_2	97.0	50.0	68.0	74.0	96.0	94.0	161.0	173.0	264.0	333.0	379.0	461.0	568.0	672.0	814.0	898.0	1119.0	1259.0	1911.0	21267.0	283581.0	522106.0	0.0	0.0	0.0	0.0	0.0	0.0	0.0	0.0	0.0	0.0	0.0	0.0	0.0	0.0	0.0	0.0	0.0	0.0	0.0	0.0	0.0	0.0	0.0	0.0	14455837.0
	126
Res2_RNA_F5_1	10400617.0
	126
Res2_RNA_F5_2	10400617.0
	126
Res2_RNA_F6_1	12387584.0
	126
Res2_RNA_F6_2	12387584.0
	34	36	38	40	42	44	46	48	50	52	54	56	58	60	62	64	66	68	70	72	74	76	78	80	82	84	86	88	90	92	94	96	98	100	102	104	106	108	110	112	114	116	118	120	122	124	126
Res2_RNA_G1_1	10332.0	5109.0	6574.0	8062.0	8998.0	11632.0	10003.0	11911.0	15932.0	18047.0	20520.0	29724.0	32333.0	34665.0	40454.0	40341.0	48607.0	55896.0	76592.0	297309.0	7770204.0	22303896.0	0.0	0.0	0.0	0.0	0.0	0.0	0.0	0.0	0.0	0.0	0.0	0.0	0.0	0.0	0.0	0.0	0.0	0.0	0.0	0.0	0.0	0.0	0.0	0.0	19104545.0
	34	36	38	40	42	44	46	48	50	52	54	56	58	60	62	64	66	68	70	72	74	76	78	80	82	84	86	88	90	92	94	96	98	100	102	104	106	108	110	112	114	116	118	120	122	124	126
Res2_RNA_G1_2	9958.0	4959.0	6345.0	7765.0	8677.0	11250.0	9595.0	11434.0	15401.0	17455.0	19857.0	28922.0	31475.0	33808.0	39414.0	39448.0	48219.0	55797.0	69580.0	760344.0	9896530.0	19730908.0	0.0	0.0	0.0	0.0	0.0	0.0	0.0	0.0	0.0	0.0	0.0	0.0	0.0	0.0	0.0	0.0	0.0	0.0	0.0	0.0	0.0	0.0	0.0	0.0	19104545.0
	34	36	38	40	42	44	46	48	50	52	54	56	58	60	62	64	66	68	70	72	74	76	78	80	82	84	86	88	90	92	94	96	98	100	102	104	106	108	110	112	114	116	118	120	122	124	126
Res2_RNA_G2_1	712.0	406.0	619.0	815.0	999.0	1129.0	1248.0	1573.0	2092.0	2481.0	3069.0	3411.0	4229.0	4945.0	6814.0	7365.0	8301.0	10383.0	16451.0	45610.0	861130.0	2338584.0	0.0	0.0	0.0	0.0	0.0	0.0	0.0	0.0	0.0	0.0	0.0	0.0	0.0	0.0	0.0	0.0	0.0	0.0	0.0	0.0	0.0	0.0	0.0	0.0	11571001.0
	34	36	38	40	42	44	46	48	50	52	54	56	58	60	62	64	66	68	70	72	74	76	78	80	82	84	86	88	90	92	94	96	98	100	102	104	106	108	110	112	114	116	118	120	122	124	126
Res2_RNA_G2_2	689.0	407.0	623.0	809.0	981.0	1122.0	1218.0	1562.0	2063.0	2465.0	3021.0	3397.0	4188.0	4914.0	6754.0	7358.0	8387.0	10492.0	13572.0	110473.0	1172994.0	1964877.0	0.0	0.0	0.0	0.0	0.0	0.0	0.0	0.0	0.0	0.0	0.0	0.0	0.0	0.0	0.0	0.0	0.0	0.0	0.0	0.0	0.0	0.0	0.0	0.0	11571001.0
	34	36	38	40	42	44	46	48	50	52	54	56	58	60	62	64	66	68	70	72	74	76	78	80	82	84	86	88	90	92	94	96	98	100	102	104	106	108	110	112	114	116	118	120	122	124	126
Res2_RNA_G3_1	163.0	96.0	158.0	217.0	245.0	253.0	294.0	411.0	618.0	706.0	717.0	1044.0	1187.0	1385.0	1697.0	1914.0	2115.0	2424.0	3909.0	12987.0	196126.0	532366.0	0.0	0.0	0.0	0.0	0.0	0.0	0.0	0.0	0.0	0.0	0.0	0.0	0.0	0.0	0.0	0.0	0.0	0.0	0.0	0.0	0.0	0.0	0.0	0.0	12243530.0
	34	36	38	40	42	44	46	48	50	52	54	56	58	60	62	64	66	68	70	72	74	76	78	80	82	84	86	88	90	92	94	96	98	100	102	104	106	108	110	112	114	116	118	120	122	124	126
Res2_RNA_G3_2	161.0	92.0	154.0	210.0	241.0	247.0	300.0	399.0	598.0	703.0	698.0	1026.0	1170.0	1372.0	1677.0	1890.0	2100.0	2457.0	3497.0	23308.0	257606.0	461126.0	0.0	0.0	0.0	0.0	0.0	0.0	0.0	0.0	0.0	0.0	0.0	0.0	0.0	0.0	0.0	0.0	0.0	0.0	0.0	0.0	0.0	0.0	0.0	0.0	12243530.0
	34	36	38	40	42	44	46	48	50	52	54	56	58	60	62	64	66	68	70	72	74	76	78	80	82	84	86	88	90	92	94	96	98	100	102	104	106	108	110	112	114	116	118	120	122	124	126
Res2_RNA_G4_1	2603.0	1101.0	1632.0	2020.0	2146.0	2829.0	2658.0	2965.0	3888.0	4482.0	5601.0	7373.0	9255.0	11194.0	12551.0	13123.0	16168.0	17247.0	22874.0	88786.0	2305068.0	6051633.0	0.0	0.0	0.0	0.0	0.0	0.0	0.0	0.0	0.0	0.0	0.0	0.0	0.0	0.0	0.0	0.0	0.0	0.0	0.0	0.0	0.0	0.0	0.0	0.0	11427109.0
	34	36	38	40	42	44	46	48	50	52	54	56	58	60	62	64	66	68	70	72	74	76	78	80	82	84	86	88	90	92	94	96	98	100	102	104	106	108	110	112	114	116	118	120	122	124	126
Res2_RNA_G4_2	2547.0	1079.0	1602.0	1975.0	2119.0	2768.0	2583.0	2906.0	3784.0	4395.0	5486.0	7251.0	9065.0	11018.0	12390.0	12930.0	16060.0	17243.0	21535.0	225210.0	2779342.0	5443909.0	0.0	0.0	0.0	0.0	0.0	0.0	0.0	0.0	0.0	0.0	0.0	0.0	0.0	0.0	0.0	0.0	0.0	0.0	0.0	0.0	0.0	0.0	0.0	0.0	11427109.0
	126
Res2_RNA_G5_1	12945256.0
	126
Res2_RNA_G5_2	12945256.0
	34	36	38	40	42	44	46	48	50	52	54	56	58	60	62	64	66	68	70	72	74	76	78	80	82	84	86	88	90	92	94	96	98	100	102	104	106	108	110	112	114	116	118	120	122	124	126
Res2_RNA_G6_1	1305.0	784.0	1124.0	1685.0	1979.0	2296.0	2515.0	3164.0	4141.0	5109.0	5679.0	7568.0	8772.0	9949.0	12252.0	12902.0	15075.0	16713.0	21687.0	63596.0	1028270.0	2920480.0	0.0	0.0	0.0	0.0	0.0	0.0	0.0	0.0	0.0	0.0	0.0	0.0	0.0	0.0	0.0	0.0	0.0	0.0	0.0	0.0	0.0	0.0	0.0	0.0	10680419.0
	34	36	38	40	42	44	46	48	50	52	54	56	58	60	62	64	66	68	70	72	74	76	78	80	82	84	86	88	90	92	94	96	98	100	102	104	106	108	110	112	114	116	118	120	122	124	126
Res2_RNA_G6_2	1248.0	757.0	1075.0	1624.0	1899.0	2212.0	2402.0	3039.0	4000.0	4945.0	5525.0	7367.0	8554.0	9659.0	12013.0	12711.0	14878.0	16553.0	21449.0	128997.0	1362970.0	2523168.0	0.0	0.0	0.0	0.0	0.0	0.0	0.0	0.0	0.0	0.0	0.0	0.0	0.0	0.0	0.0	0.0	0.0	0.0	0.0	0.0	0.0	0.0	0.0	0.0	10680419.0
	34	36	38	40	42	44	46	48	50	52	54	56	58	60	62	64	66	68	70	72	74	76	78	80	82	84	86	88	90	92	94	96	98	100	102	104	106	108	110	112	114	116	118	120	122	124	126
Res2_RNA_H1_1	3406.0	2019.0	2659.0	3564.0	3896.0	4084.0	4918.0	6636.0	8569.0	9997.0	10301.0	12459.0	16590.0	17297.0	21389.0	21813.0	24931.0	28505.0	45735.0	87176.0	1651913.0	4388556.0	0.0	0.0	0.0	0.0	0.0	0.0	0.0	0.0	0.0	0.0	0.0	0.0	0.0	0.0	0.0	0.0	0.0	0.0	0.0	0.0	0.0	0.0	0.0	0.0	11732380.0
	34	36	38	40	42	44	46	48	50	52	54	56	58	60	62	64	66	68	70	72	74	76	78	80	82	84	86	88	90	92	94	96	98	100	102	104	106	108	110	112	114	116	118	120	122	124	126
Res2_RNA_H1_2	3334.0	1960.0	2569.0	3479.0	3812.0	3990.0	4787.0	6427.0	8380.0	9800.0	10067.0	12315.0	16346.0	16971.0	21091.0	21603.0	24756.0	28468.0	36716.0	190287.0	2075895.0	3873360.0	0.0	0.0	0.0	0.0	0.0	0.0	0.0	0.0	0.0	0.0	0.0	0.0	0.0	0.0	0.0	0.0	0.0	0.0	0.0	0.0	0.0	0.0	0.0	0.0	11732380.0
	34	36	38	40	42	44	46	48	50	52	54	56	58	60	62	64	66	68	70	72	74	76	78	80	82	84	86	88	90	92	94	96	98	100	102	104	106	108	110	112	114	116	118	120	122	124	126
Res2_RNA_H2_1	2965.0	1511.0	2054.0	2850.0	3161.0	3388.0	3687.0	4821.0	5842.0	6984.0	8625.0	8909.0	11053.0	14082.0	18342.0	18565.0	21348.0	25918.0	28961.0	83479.0	1525085.0	4164417.0	0.0	0.0	0.0	0.0	0.0	0.0	0.0	0.0	0.0	0.0	0.0	0.0	0.0	0.0	0.0	0.0	0.0	0.0	0.0	0.0	0.0	0.0	0.0	0.0	10904199.0
	34	36	38	40	42	44	46	48	50	52	54	56	58	60	62	64	66	68	70	72	74	76	78	80	82	84	86	88	90	92	94	96	98	100	102	104	106	108	110	112	114	116	118	120	122	124	126
Res2_RNA_H2_2	2874.0	1478.0	1995.0	2796.0	3096.0	3301.0	3639.0	4706.0	5736.0	6835.0	8510.0	8818.0	10884.0	13873.0	18168.0	18426.0	21270.0	25821.0	29175.0	206602.0	2065741.0	3502303.0	0.0	0.0	0.0	0.0	0.0	0.0	0.0	0.0	0.0	0.0	0.0	0.0	0.0	0.0	0.0	0.0	0.0	0.0	0.0	0.0	0.0	0.0	0.0	0.0	10904199.0
	34	36	38	40	42	44	46	48	50	52	54	56	58	60	62	64	66	68	70	72	74	76	78	80	82	84	86	88	90	92	94	96	98	100	102	104	106	108	110	112	114	116	118	120	122	124	126
Res2_RNA_H3_1	9628.0	4907.0	7018.0	9403.0	10193.0	10406.0	11161.0	14021.0	16727.0	20225.0	23009.0	24112.0	28286.0	33523.0	43154.0	44520.0	48724.0	56104.0	61179.0	144033.0	2350454.0	6389761.0	0.0	0.0	0.0	0.0	0.0	0.0	0.0	0.0	0.0	0.0	0.0	0.0	0.0	0.0	0.0	0.0	0.0	0.0	0.0	0.0	0.0	0.0	0.0	0.0	10164021.0
	34	36	38	40	42	44	46	48	50	52	54	56	58	60	62	64	66	68	70	72	74	76	78	80	82	84	86	88	90	92	94	96	98	100	102	104	106	108	110	112	114	116	118	120	122	124	126
Res2_RNA_H3_2	9459.0	4810.0	6877.0	9251.0	10033.0	10243.0	11004.0	13800.0	16507.0	19925.0	22765.0	23869.0	27979.0	33170.0	42851.0	44147.0	48554.0	55920.0	60881.0	289815.0	3084877.0	5513811.0	0.0	0.0	0.0	0.0	0.0	0.0	0.0	0.0	0.0	0.0	0.0	0.0	0.0	0.0	0.0	0.0	0.0	0.0	0.0	0.0	0.0	0.0	0.0	0.0	10164021.0
	126
Res2_RNA_H4_1	14882796.0
	126
Res2_RNA_H4_2	14882796.0
	34	36	38	40	42	44	46	48	50	52	54	56	58	60	62	64	66	68	70	72	74	76	78	80	82	84	86	88	90	92	94	96	98	100	102	104	106	108	110	112	114	116	118	120	122	124	126
Res2_RNA_H5_1	3587.0	2171.0	2530.0	3624.0	3945.0	4085.0	4314.0	6038.0	8366.0	11320.0	10962.0	13587.0	16665.0	17129.0	22364.0	21702.0	25011.0	30213.0	36517.0	99160.0	1838626.0	5269048.0	0.0	0.0	0.0	0.0	0.0	0.0	0.0	0.0	0.0	0.0	0.0	0.0	0.0	0.0	0.0	0.0	0.0	0.0	0.0	0.0	0.0	0.0	0.0	0.0	11163129.0
	34	36	38	40	42	44	46	48	50	52	54	56	58	60	62	64	66	68	70	72	74	76	78	80	82	84	86	88	90	92	94	96	98	100	102	104	106	108	110	112	114	116	118	120	122	124	126
Res2_RNA_H5_2	3537.0	2145.0	2470.0	3584.0	3884.0	4043.0	4246.0	5900.0	8220.0	11186.0	10820.0	13483.0	16488.0	16918.0	22222.0	21621.0	24940.0	30221.0	35759.0	180673.0	2349514.0	4679090.0	0.0	0.0	0.0	0.0	0.0	0.0	0.0	0.0	0.0	0.0	0.0	0.0	0.0	0.0	0.0	0.0	0.0	0.0	0.0	0.0	0.0	0.0	0.0	0.0	11163129.0
	126
Res2_RNA_H6_1	17171421.0
	126
Res2_RNA_H6_2	17171421.0
	34	36	38	40	42	44	46	48	50	52	54	56	58	60	62	64	66	68	70	72	74	76	78	80	82	84	86	88	90	92	94	96	98	100	102	104	106	108	110	112	114	116	118	120	122	124	126
Res2_RNA_I1_1	152.0	69.0	122.0	144.0	190.0	220.0	239.0	293.0	412.0	464.0	513.0	646.0	762.0	867.0	1148.0	1205.0	1356.0	1631.0	2120.0	8254.0	164819.0	455786.0	0.0	0.0	0.0	0.0	0.0	0.0	0.0	0.0	0.0	0.0	0.0	0.0	0.0	0.0	0.0	0.0	0.0	0.0	0.0	0.0	0.0	0.0	0.0	0.0	13137365.0
	34	36	38	40	42	44	46	48	50	52	54	56	58	60	62	64	66	68	70	72	74	76	78	80	82	84	86	88	90	92	94	96	98	100	102	104	106	108	110	112	114	116	118	120	122	124	126
Res2_RNA_I1_2	149.0	69.0	116.0	140.0	188.0	215.0	230.0	289.0	407.0	456.0	505.0	641.0	754.0	842.0	1138.0	1211.0	1374.0	1632.0	2243.0	17814.0	214723.0	396276.0	0.0	0.0	0.0	0.0	0.0	0.0	0.0	0.0	0.0	0.0	0.0	0.0	0.0	0.0	0.0	0.0	0.0	0.0	0.0	0.0	0.0	0.0	0.0	0.0	13137365.0
	126
Res2_RNA_I2_1	23361967.0
	126
Res2_RNA_I2_2	23361967.0
	34	36	38	40	42	44	46	48	50	52	54	56	58	60	62	64	66	68	70	72	74	76	78	80	82	84	86	88	90	92	94	96	98	100	102	104	106	108	110	112	114	116	118	120	122	124	126
Res2_RNA_I3_1	142.0	65.0	90.0	150.0	170.0	178.0	217.0	282.0	380.0	446.0	514.0	578.0	769.0	905.0	1137.0	1244.0	1470.0	1751.0	2229.0	8467.0	175212.0	470313.0	0.0	0.0	0.0	0.0	0.0	0.0	0.0	0.0	0.0	0.0	0.0	0.0	0.0	0.0	0.0	0.0	0.0	0.0	0.0	0.0	0.0	0.0	0.0	0.0	12972213.0
	34	36	38	40	42	44	46	48	50	52	54	56	58	60	62	64	66	68	70	72	74	76	78	80	82	84	86	88	90	92	94	96	98	100	102	104	106	108	110	112	114	116	118	120	122	124	126
Res2_RNA_I3_2	138.0	63.0	90.0	147.0	168.0	175.0	218.0	278.0	378.0	443.0	507.0	577.0	758.0	892.0	1136.0	1273.0	1486.0	1770.0	2288.0	18694.0	228957.0	406273.0	0.0	0.0	0.0	0.0	0.0	0.0	0.0	0.0	0.0	0.0	0.0	0.0	0.0	0.0	0.0	0.0	0.0	0.0	0.0	0.0	0.0	0.0	0.0	0.0	12972213.0
	126
Res2_RNA_I4_1	21686284.0
	126
Res2_RNA_I4_2	21686284.0
	34	36	38	40	42	44	46	48	50	52	54	56	58	60	62	64	66	68	70	72	74	76	78	80	82	84	86	88	90	92	94	96	98	100	102	104	106	108	110	112	114	116	118	120	122	124	126
Res2_RNA_I5_1	1463.0	747.0	978.0	1385.0	1500.0	1625.0	1996.0	2477.0	3330.0	3770.0	4249.0	4915.0	6042.0	7518.0	9030.0	9648.0	11041.0	12197.0	15138.0	46213.0	860569.0	2225400.0	0.0	0.0	0.0	0.0	0.0	0.0	0.0	0.0	0.0	0.0	0.0	0.0	0.0	0.0	0.0	0.0	0.0	0.0	0.0	0.0	0.0	0.0	0.0	0.0	10509153.0
	34	36	38	40	42	44	46	48	50	52	54	56	58	60	62	64	66	68	70	72	74	76	78	80	82	84	86	88	90	92	94	96	98	100	102	104	106	108	110	112	114	116	118	120	122	124	126
Res2_RNA_I5_2	1420.0	718.0	949.0	1345.0	1459.0	1582.0	1941.0	2409.0	3265.0	3694.0	4140.0	4846.0	5921.0	7401.0	8908.0	9553.0	11028.0	12223.0	15586.0	91711.0	1047242.0	1993890.0	0.0	0.0	0.0	0.0	0.0	0.0	0.0	0.0	0.0	0.0	0.0	0.0	0.0	0.0	0.0	0.0	0.0	0.0	0.0	0.0	0.0	0.0	0.0	0.0	10509153.0
	126
Res2_RNA_I6_1	20224405.0
	126
Res2_RNA_I6_2	20224405.0
	126
Res2_RNA_J1_1	34882629.0
	126
Res2_RNA_J1_2	34882629.0
	126
Res2_RNA_J2_1	12519676.0
	126
Res2_RNA_J2_2	12519676.0
	126
Res2_RNA_J4_1	11113188.0
	126
Res2_RNA_J4_2	11113188.0
	34	36	38	40	42	44	46	48	50	52	54	56	58	60	62	64	66	68	70	72	74	76	78	80	82	84	86	88	90	92	94	96	98	100	102	104	106	108	110	112	114	116	118	120	122	124	126
Res2_RNA_J5_1	1164.0	564.0	699.0	908.0	1066.0	1137.0	1307.0	1802.0	2181.0	2632.0	3106.0	3713.0	4210.0	5015.0	6855.0	6859.0	8278.0	9466.0	15750.0	59633.0	1557458.0	4361069.0	0.0	0.0	0.0	0.0	0.0	0.0	0.0	0.0	0.0	0.0	0.0	0.0	0.0	0.0	0.0	0.0	0.0	0.0	0.0	0.0	0.0	0.0	0.0	0.0	17613184.0
	34	36	38	40	42	44	46	48	50	52	54	56	58	60	62	64	66	68	70	72	74	76	78	80	82	84	86	88	90	92	94	96	98	100	102	104	106	108	110	112	114	116	118	120	122	124	126
Res2_RNA_J5_2	1073.0	517.0	635.0	842.0	984.0	1078.0	1180.0	1664.0	2027.0	2508.0	2949.0	3570.0	3981.0	4743.0	6655.0	6720.0	8130.0	9353.0	13746.0	155632.0	2018696.0	3808189.0	0.0	0.0	0.0	0.0	0.0	0.0	0.0	0.0	0.0	0.0	0.0	0.0	0.0	0.0	0.0	0.0	0.0	0.0	0.0	0.0	0.0	0.0	0.0	0.0	17613184.0
	126
Res2_RNA_J6_1	11273103.0
	126
Res2_RNA_J6_2	11273103.0

