Sample	34	44	54	64	74	84	94	104	114	124	134	144	154	164	174	184	194	204	214	224	234	244	254	264	274	284	294	301
Res2_Phage_A1_1	141339.0	11132.0	19926.0	26710.0	31816.0	35814.0	40402.0	45251.0	49942.0	54717.0	61093.0	66058.0	71867.0	77468.0	82386.0	86559.0	89820.0	92502.0	93760.0	93971.0	93000.0	89405.0	85599.0	79844.0	72889.0	66700.0	112518.0	912635.0
Res2_Phage_A1_2	136082.0	11093.0	19878.0	26652.0	31716.0	35684.0	40198.0	44957.0	49575.0	54251.0	60323.0	64973.0	70245.0	74887.0	78531.0	80823.0	81052.0	79477.0	74759.0	67543.0	56707.0	47324.0	38016.0	28968.0	22809.0	19608.0	146666.0	1242326.0
Res2_Phage_A2_1	20341.0	39667.0	101127.0	148955.0	175697.0	187889.0	192147.0	189443.0	183272.0	174274.0	163485.0	151533.0	138847.0	126249.0	114869.0	103073.0	93156.0	83579.0	74086.0	65878.0	58591.0	51964.0	44735.0	38429.0	32147.0	25971.0	45383.0	239584.0
Res2_Phage_A2_2	19548.0	39410.0	100424.0	147914.0	174301.0	186283.0	190466.0	187709.0	181452.0	172394.0	161631.0	149560.0	136689.0	123863.0	112145.0	99703.0	88202.0	75434.0	61360.0	49407.0	41242.0	37024.0	33741.0	29879.0	24868.0	19847.0	54227.0	365648.0
Res2_Phage_A3_1	10272.0	286.0	448.0	602.0	712.0	863.0	956.0	1108.0	1254.0	1429.0	1595.0	1712.0	1980.0	2250.0	2537.0	2849.0	3249.0	3459.0	3774.0	4145.0	4424.0	4729.0	4959.0	4919.0	4763.0	4736.0	8636.0	95389.0
Res2_Phage_A3_2	9898.0	285.0	447.0	600.0	704.0	857.0	951.0	1097.0	1237.0	1407.0	1560.0	1668.0	1900.0	2124.0	2327.0	2558.0	2734.0	2722.0	2708.0	2484.0	2025.0	1561.0	1136.0	764.0	617.0	611.0	10962.0	120091.0
Res2_Phage_A4_1	41378.0	7838.0	14608.0	18175.0	19852.0	19666.0	19474.0	19091.0	18681.0	18539.0	18347.0	18072.0	17907.0	17963.0	17723.0	17707.0	17643.0	16910.0	16454.0	16120.0	15388.0	14415.0	13531.0	12829.0	11615.0	10829.0	15746.0	139499.0
Res2_Phage_A4_2	40363.0	7814.0	14580.0	18143.0	19806.0	19631.0	19425.0	19032.0	18619.0	18499.0	18282.0	18005.0	17832.0	17854.0	17592.0	17530.0	17363.0	16480.0	15813.0	15023.0	13574.0	12092.0	10605.0	8984.0	7411.0	6288.0	20318.0	159042.0
Res2_Phage_A5_1	32786.0	6649.0	12678.0	17927.0	22809.0	26870.0	30223.0	33223.0	35948.0	37455.0	38458.0	38677.0	38828.0	37764.0	36849.0	35277.0	34131.0	32022.0	30381.0	28476.0	26173.0	24493.0	22196.0	20257.0	17956.0	15910.0	30619.0	234498.0
Res2_Phage_A5_2	31640.0	6627.0	12638.0	17873.0	22717.0	26773.0	30079.0	33019.0	35690.0	37170.0	38065.0	38078.0	38070.0	36787.0	35481.0	33352.0	31165.0	27744.0	24366.0	20671.0	16393.0	13742.0	10807.0	8007.0	6137.0	4871.0	38190.0	323381.0
Res2_Phage_A6_1	1430.0	843.0	1402.0	1985.0	2395.0	3048.0	3506.0	4078.0	4626.0	5119.0	5649.0	6465.0	6965.0	7626.0	8280.0	8981.0	9369.0	9631.0	10150.0	10120.0	10235.0	9905.0	9664.0	8799.0	7937.0	7358.0	12709.0	116691.0
Res2_Phage_A6_2	1400.0	837.0	1400.0	1973.0	2390.0	3035.0	3484.0	4052.0	4585.0	5059.0	5543.0	6321.0	6708.0	7221.0	7689.0	8066.0	8006.0	7645.0	7381.0	6616.0	5595.0	4719.0	3809.0	2964.0	2282.0	1926.0	16734.0	157526.0
Res2_Phage_B1_1	68566.0	33174.0	59337.0	78269.0	91557.0	100820.0	107176.0	110539.0	113174.0	112704.0	110725.0	107832.0	104094.0	99344.0	93757.0	88225.0	82256.0	76118.0	70439.0	64661.0	58447.0	52380.0	45648.0	38906.0	32209.0	27160.0	57423.0	354778.0
Res2_Phage_B1_2	66391.0	33014.0	59104.0	77919.0	91107.0	100258.0	106499.0	109854.0	112389.0	111846.0	109766.0	106673.0	102634.0	97656.0	91397.0	84836.0	77051.0	67430.0	56235.0	43750.0	28163.0	21129.0	14213.0	9566.0	7046.0	5956.0	80089.0	567747.0
Res2_Phage_B2_1	63415.0	88440.0	144573.0	174070.0	189989.0	198804.0	202399.0	202352.0	200419.0	196715.0	192582.0	188153.0	183637.0	178881.0	174078.0	169886.0	165058.0	158299.0	152896.0	146248.0	139978.0	131463.0	124873.0	117157.0	106910.0	97821.0	107457.0	958127.0
Res2_Phage_B2_2	61455.0	87938.0	143834.0	173224.0	189028.0	197782.0	201444.0	201344.0	199384.0	195699.0	191501.0	186970.0	182448.0	177519.0	172496.0	168112.0	162784.0	155457.0	148711.0	139942.0	130004.0	115337.0	99056.0	80648.0	61665.0	47862.0	146760.0	1136276.0
Res2_Phage_B3_1	35806.0	1383.0	2583.0	3314.0	3757.0	4248.0	4715.0	5270.0	5619.0	6180.0	6524.0	6951.0	7309.0	7801.0	8418.0	8487.0	8920.0	9289.0	9593.0	9670.0	9913.0	9592.0	9782.0	9512.0	9111.0	8453.0	18225.0	130011.0
Res2_Phage_B3_2	35032.0	1377.0	2578.0	3306.0	3749.0	4241.0	4700.0	5254.0	5600.0	6156.0	6495.0	6928.0	7264.0	7737.0	8328.0	8337.0	8689.0	8925.0	8976.0	8511.0	7621.0	6442.0	5598.0	4343.0	3582.0	3125.0	21559.0	155983.0
Res2_Phage_B4_1	48210.0	8030.0	15828.0	21801.0	27561.0	33250.0	39443.0	45762.0	51575.0	57310.0	60996.0	64725.0	66462.0	67856.0	67858.0	67305.0	65929.0	63036.0	60627.0	57388.0	53560.0	49268.0	44464.0	39839.0	34420.0	30156.0	58539.0	368241.0
Res2_Phage_B4_2	45681.0	8000.0	15759.0	21736.0	27467.0	33095.0	39251.0	45509.0	51286.0	56976.0	60492.0	64158.0	65745.0	66927.0	66580.0	65508.0	62948.0	58038.0	52327.0	44740.0	33542.0	28045.0	21723.0	15320.0	11402.0	9192.0	73317.0	524675.0
Res2_Phage_B5_1	3078.0	6606.0	13080.0	16942.0	19585.0	20525.0	20986.0	21115.0	20616.0	19913.0	18965.0	17745.0	16781.0	15618.0	14096.0	13192.0	12068.0	11141.0	10168.0	9392.0	8372.0	7573.0	6871.0	5837.0	5005.0	4540.0	7912.0	55155.0
Res2_Phage_B5_2	2958.0	6522.0	12961.0	16794.0	19397.0	20337.0	20801.0	20910.0	20420.0	19717.0	18744.0	17519.0	16520.0	15324.0	13720.0	12684.0	11254.0	9821.0	8114.0	6441.0	4611.0	3483.0	2665.0	1867.0	1426.0	1256.0	10877.0	85734.0
Res2_Phage_B6_1	69534.0	19782.0	35531.0	46314.0	52949.0	57527.0	60210.0	60522.0	59402.0	57752.0	54735.0	51840.0	48502.0	44291.0	40633.0	37119.0	33430.0	29947.0	26620.0	23804.0	20888.0	18118.0	15522.0	13205.0	10877.0	9369.0	13646.0	86020.0
Res2_Phage_B6_2	67460.0	19717.0	35385.0	46155.0	52735.0	57256.0	59941.0	60222.0	59013.0	57335.0	54216.0	51169.0	47706.0	43299.0	39386.0	35368.0	31091.0	26708.0	22165.0	17708.0	12433.0	9177.0	6296.0	4005.0	2736.0	2165.0	21040.0	156202.0
Res2_Phage_C1_1	154328.0	46118.0	71756.0	85851.0	95835.0	101053.0	104219.0	106054.0	106264.0	104524.0	103327.0	100235.0	96951.0	93379.0	88608.0	85478.0	81955.0	77754.0	73782.0	69567.0	65391.0	61192.0	56268.0	50637.0	45068.0	40476.0	85632.0	625948.0
Res2_Phage_C1_2	148386.0	45863.0	71399.0	85389.0	95302.0	100470.0	103618.0	105345.0	105470.0	103600.0	102246.0	98953.0	95401.0	91272.0	85994.0	81706.0	76308.0	69202.0	60978.0	51239.0	38233.0	30677.0	22794.0	15434.0	11482.0	9825.0	110218.0	860846.0
Res2_Phage_C2_1	56418.0	16028.0	26697.0	33572.0	38014.0	40552.0	42265.0	43063.0	42216.0	41655.0	39606.0	38391.0	36301.0	34022.0	32222.0	29594.0	27395.0	25280.0	23576.0	21664.0	19684.0	17741.0	15993.0	13969.0	11757.0	10734.0	21939.0	158043.0
Res2_Phage_C2_2	53629.0	15875.0	26470.0	33322.0	37629.0	40213.0	41843.0	42618.0	41703.0	41056.0	38979.0	37591.0	35372.0	32843.0	30670.0	27521.0	24350.0	20913.0	17507.0	13879.0	10272.0	7841.0	5954.0	3986.0	2840.0	2570.0	28994.0	241951.0
Res2_Phage_C3_1	3032.0	3610.0	6346.0	8163.0	9368.0	10719.0	11893.0	13446.0	14910.0	16471.0	18007.0	19554.0	21327.0	22874.0	24561.0	26260.0	27223.0	28578.0	28730.0	29300.0	28666.0	27752.0	25877.0	23808.0	21397.0	19257.0	39584.0	293586.0
Res2_Phage_C3_2	2936.0	3596.0	6309.0	8126.0	9317.0	10680.0	11819.0	13375.0	14802.0	16349.0	17843.0	19306.0	20946.0	22306.0	23655.0	24831.0	24907.0	24810.0	22554.0	20027.0	14947.0	11860.0	8296.0	5571.0	4192.0	3710.0	51754.0	405475.0
Res2_Phage_C4_1	29110.0	10101.0	20081.0	28791.0	35929.0	42666.0	49913.0	56199.0	63277.0	68630.0	73779.0	77055.0	79646.0	80510.0	79245.0	77910.0	74509.0	70475.0	65238.0	60201.0	54933.0	49419.0	43740.0	38152.0	32370.0	27657.0	45628.0	282892.0
Res2_Phage_C4_2	27978.0	10044.0	19996.0	28661.0	35787.0	42422.0	49629.0	55896.0	62897.0	68201.0	73204.0	76337.0	78603.0	79288.0	77513.0	75264.0	70320.0	63897.0	55459.0	45965.0	34782.0	28192.0	20902.0	14315.0	10176.0	7903.0	61670.0	442755.0
Res2_Phage_C5_1	20403.0	11968.0	24246.0	34077.0	40540.0	45837.0	48972.0	51090.0	51119.0	51038.0	49751.0	47846.0	45917.0	43394.0	41078.0	38095.0	36088.0	32921.0	30473.0	27627.0	25412.0	23275.0	20769.0	18557.0	16257.0	14154.0	23687.0	171349.0
Res2_Phage_C5_2	19664.0	11886.0	24115.0	33894.0	40361.0	45600.0	48661.0	50777.0	50712.0	50574.0	49275.0	47286.0	45218.0	42470.0	39782.0	36296.0	33500.0	29182.0	24848.0	20120.0	15289.0	11835.0	8569.0	6023.0	4605.0	3784.0	32709.0	258905.0
Res2_Phage_C6_1	28966.0	4746.0	8192.0	10301.0	12037.0	13451.0	14407.0	15329.0	16584.0	17838.0	18543.0	19736.0	20286.0	21124.0	21659.0	22018.0	22404.0	22337.0	22179.0	21702.0	21437.0	20547.0	19568.0	18354.0	16950.0	15782.0	31633.0	237400.0
Res2_Phage_C6_2	28003.0	4723.0	8167.0	10267.0	12004.0	13399.0	14342.0	15282.0	16514.0	17758.0	18425.0	19577.0	20067.0	20814.0	21223.0	21352.0	21304.0	20541.0	19414.0	17489.0	14902.0	12902.0	10248.0	7253.0	5412.0	4283.0	36684.0	303161.0
Res2_Phage_D1_1	30982.0	12703.0	21528.0	26965.0	29986.0	32064.0	33812.0	35268.0	36491.0	37780.0	38650.0	39674.0	40451.0	41157.0	41141.0	41367.0	41703.0	40944.0	40674.0	39489.0	38311.0	36932.0	34577.0	32229.0	29515.0	26964.0	48517.0	346406.0
Res2_Phage_D1_2	30211.0	12633.0	21385.0	26812.0	29830.0	31900.0	33592.0	35019.0	36191.0	37481.0	38271.0	39215.0	39904.0	40352.0	40026.0	39819.0	39454.0	37141.0	34644.0	30452.0	24507.0	20443.0	15369.0	10904.0	8208.0	6947.0	60949.0	474621.0
Res2_Phage_D2_1	9865.0	5539.0	12517.0	19563.0	26702.0	33912.0	40930.0	47376.0	53003.0	57076.0	61081.0	62619.0	64363.0	65020.0	64409.0	64048.0	62168.0	59902.0	57703.0	55013.0	51845.0	48126.0	43753.0	39518.0	34708.0	30494.0	62517.0	424154.0
Res2_Phage_D2_2	9532.0	5491.0	12405.0	19430.0	26494.0	33676.0	40663.0	47044.0	52582.0	56576.0	60515.0	61912.0	63495.0	63912.0	62965.0	61801.0	58824.0	54255.0	48483.0	40662.0	29273.0	22863.0	16336.0	11644.0	8967.0	7921.0	83483.0	596720.0
Res2_Phage_D3_1	7618.0	12040.0	29311.0	42639.0	51432.0	57941.0	62217.0	65029.0	66899.0	66952.0	65851.0	64600.0	61884.0	59558.0	56938.0	53147.0	49670.0	46558.0	42908.0	39285.0	35991.0	32527.0	29057.0	24751.0	20761.0	17917.0	41059.0	263496.0
Res2_Phage_D3_2	7200.0	11990.0	29167.0	42443.0	51155.0	57627.0	61880.0	64648.0	66493.0	66493.0	65388.0	64094.0	61307.0	58849.0	56095.0	51909.0	47604.0	42895.0	36774.0	29537.0	21037.0	16847.0	13179.0	9865.0	7872.0	6806.0	53049.0	365833.0
Res2_Phage_D4_1	2101.0	3327.0	8933.0	14408.0	17423.0	19654.0	20936.0	21823.0	22305.0	22777.0	23113.0	23712.0	24608.0	24579.0	24460.0	24612.0	24277.0	23749.0	22897.0	21605.0	20063.0	18477.0	16215.0	14118.0	11760.0	9687.0	13603.0	71409.0
Res2_Phage_D4_2	1998.0	3301.0	8886.0	14339.0	17305.0	19544.0	20813.0	21670.0	22139.0	22636.0	22906.0	23496.0	24327.0	24237.0	24008.0	23942.0	23154.0	21842.0	19669.0	16725.0	13248.0	11634.0	9472.0	7361.0	5656.0	4338.0	18682.0	119303.0
Res2_Phage_D5_1	24174.0	9050.0	17988.0	27293.0	36623.0	46321.0	56167.0	65438.0	73482.0	79440.0	83545.0	84663.0	84002.0	82155.0	78531.0	74806.0	69903.0	65237.0	59385.0	54759.0	49304.0	43957.0	39041.0	33608.0	27693.0	23773.0	38810.0	257461.0
Res2_Phage_D5_2	23182.0	9026.0	17913.0	27160.0	36480.0	46082.0	55831.0	65002.0	73012.0	78832.0	82732.0	83593.0	82643.0	80247.0	75874.0	70978.0	63848.0	55687.0	45854.0	37306.0	28503.0	23322.0	18798.0	14254.0	10828.0	8671.0	53083.0	417868.0
Res2_Phage_D6_1	24767.0	24164.0	49751.0	70371.0	84577.0	95200.0	102556.0	106924.0	107671.0	106932.0	102867.0	99010.0	93528.0	87999.0	81201.0	74256.0	68195.0	61866.0	56737.0	51501.0	46802.0	41701.0	37291.0	32931.0	27976.0	24391.0	38344.0	265181.0
Res2_Phage_D6_2	23735.0	24024.0	49484.0	69988.0	84107.0	94618.0	101804.0	106116.0	106812.0	105972.0	101718.0	97713.0	92033.0	86184.0	78909.0	71430.0	63697.0	54915.0	46788.0	39011.0	33519.0	28927.0	25538.0	20635.0	15818.0	12914.0	46832.0	381449.0
Res2_Phage_E1_1	344573.0	66844.0	111641.0	139918.0	157973.0	171765.0	180774.0	187284.0	192997.0	195197.0	195846.0	193270.0	191326.0	188011.0	183270.0	177581.0	171374.0	165834.0	158667.0	151318.0	143710.0	135728.0	128762.0	120677.0	112102.0	102464.0	145140.0	1415927.0
Res2_Phage_E1_2	331518.0	66643.0	111380.0	139646.0	157590.0	171239.0	180251.0	186630.0	192307.0	194323.0	194794.0	192000.0	189809.0	185965.0	180514.0	173750.0	165806.0	157482.0	146335.0	134046.0	119110.0	104674.0	89476.0	72644.0	58876.0	47545.0	193982.0	1691638.0
Res2_Phage_E2_1	240344.0	22782.0	41630.0	55666.0	67762.0	77372.0	85213.0	90271.0	93150.0	94735.0	94403.0	92931.0	89768.0	86504.0	81572.0	77081.0	71794.0	66386.0	61081.0	56437.0	50864.0	45486.0	39659.0	34736.0	28536.0	24183.0	44986.0	301387.0
Res2_Phage_E2_2	226605.0	22619.0	41353.0	55396.0	67209.0	76757.0	84358.0	89378.0	92081.0	93608.0	92994.0	91276.0	87775.0	83997.0	78396.0	72392.0	64410.0	54416.0	44086.0	35284.0	28782.0	25391.0	23120.0	20428.0	16752.0	13925.0	58476.0	475455.0
Res2_Phage_E3_1	149065.0	29952.0	47241.0	59604.0	69224.0	76166.0	81414.0	84771.0	85488.0	85662.0	84238.0	81454.0	77699.0	74354.0	69227.0	65148.0	59931.0	55748.0	50790.0	46387.0	41897.0	37375.0	32837.0	28269.0	23071.0	19311.0	34335.0	228138.0
Res2_Phage_E3_2	141718.0	29714.0	46923.0	59164.0	68630.0	75401.0	80566.0	83874.0	84421.0	84429.0	82718.0	79606.0	75465.0	71367.0	65451.0	59546.0	51359.0	42507.0	33065.0	25860.0	21056.0	18077.0	16323.0	13885.0	11102.0	9110.0	46530.0	400929.0
Res2_Phage_E4_1	200128.0	79833.0	138322.0	182264.0	213460.0	234817.0	247513.0	254543.0	256408.0	255850.0	252586.0	246847.0	240627.0	232120.0	223812.0	216266.0	206369.0	196347.0	186746.0	176328.0	167097.0	157296.0	148417.0	138397.0	128809.0	118535.0	146198.0	1643782.0
Res2_Phage_E4_2	192841.0	79578.0	137999.0	181832.0	212911.0	234245.0	246867.0	253800.0	255647.0	254959.0	251608.0	245677.0	239250.0	230402.0	221790.0	213501.0	202812.0	191438.0	180138.0	166580.0	152343.0	133889.0	113086.0	90551.0	70353.0	55655.0	201060.0	1878905.0
Res2_Phage_E5_1	1971.0	3147.0	5570.0	7446.0	9087.0	10216.0	11644.0	13054.0	14942.0	16475.0	18362.0	20153.0	22152.0	24000.0	25765.0	27811.0	29172.0	30444.0	31024.0	31005.0	30608.0	29776.0	28550.0	26469.0	23897.0	21674.0	27783.0	198157.0
Res2_Phage_E5_2	1933.0	3141.0	5562.0	7427.0	9065.0	10200.0	11607.0	13030.0	14888.0	16413.0	18259.0	20049.0	21988.0	23719.0	25314.0	27176.0	28047.0	28541.0	27947.0	26171.0	22832.0	20218.0	16977.0	13578.0	10722.0	8735.0	37157.0	269658.0
Res2_Phage_E6_1	68039.0	5296.0	8278.0	9910.0	11246.0	12482.0	13796.0	14659.0	16259.0	17405.0	18885.0	20111.0	21595.0	22648.0	23231.0	24591.0	24835.0	25410.0	25520.0	25397.0	24748.0	23572.0	22648.0	21376.0	19063.0	17687.0	39592.0	353265.0
Res2_Phage_E6_2	66175.0	5256.0	8223.0	9855.0	11183.0	12412.0	13677.0	14527.0	16113.0	17182.0	18646.0	19763.0	21055.0	21916.0	22163.0	23131.0	22736.0	21956.0	20433.0	18092.0	14620.0	11899.0	9066.0	6347.0	4661.0	4060.0	49307.0	447090.0
Res2_Phage_F1_1	238681.0	30356.0	45234.0	56106.0	63319.0	69242.0	73408.0	76256.0	78844.0	80424.0	81356.0	81800.0	82662.0	82552.0	82954.0	82615.0	81263.0	81297.0	79997.0	78861.0	77438.0	74621.0	72718.0	69486.0	65797.0	60685.0	94236.0	906992.0
Res2_Phage_F1_2	231187.0	30281.0	45135.0	56033.0	63187.0	69070.0	73200.0	76014.0	78569.0	80035.0	80828.0	81142.0	81721.0	81308.0	81199.0	80074.0	77718.0	75812.0	71941.0	66749.0	58988.0	48883.0	37152.0	25196.0	18129.0	14377.0	106323.0	1158949.0
Res2_Phage_F2_1	102972.0	24663.0	38307.0	48110.0	54105.0	57012.0	58898.0	59215.0	58448.0	57498.0	54628.0	53243.0	50897.0	48345.0	45912.0	43228.0	40933.0	38279.0	36342.0	34101.0	31794.0	29764.0	27769.0	25935.0	23531.0	21426.0	35092.0	298303.0
Res2_Phage_F2_2	100060.0	24607.0	38239.0	48020.0	53994.0	56879.0	58733.0	59010.0	58223.0	57261.0	54256.0	52761.0	50289.0	47586.0	44831.0	41730.0	38857.0	35399.0	32084.0	28045.0	23064.0	18098.0	12876.0	8176.0	5562.0	4208.0	36675.0	409227.0
Res2_Phage_F3_1	13416.0	11961.0	27402.0	39922.0	49070.0	56261.0	62075.0	67127.0	71462.0	74097.0	74650.0	75882.0	75256.0	74097.0	71960.0	70069.0	66714.0	63255.0	59515.0	56414.0	52615.0	48165.0	43032.0	37845.0	32888.0	28676.0	57289.0	343837.0
Res2_Phage_F3_2	12837.0	11868.0	27249.0	39693.0	48772.0	55912.0	61669.0	66691.0	70962.0	73550.0	74033.0	75175.0	74483.0	73169.0	70706.0	68383.0	63966.0	58243.0	51268.0	44010.0	33261.0	27745.0	21714.0	16241.0	12719.0	10305.0	71658.0	488670.0
Res2_Phage_F4_1	4960.0	6165.0	11528.0	16040.0	19125.0	22450.0	25319.0	27888.0	31122.0	34518.0	37776.0	40867.0	44017.0	47130.0	49324.0	51706.0	52931.0	52758.0	52925.0	51762.0	50166.0	47263.0	44518.0	40884.0	36872.0	33433.0	46157.0	394623.0
Res2_Phage_F4_2	4885.0	6140.0	11485.0	15996.0	19072.0	22381.0	25219.0	27782.0	30975.0	34291.0	37443.0	40405.0	43349.0	46155.0	47929.0	49722.0	50058.0	48276.0	46721.0	43113.0	37759.0	32218.0	26752.0	20589.0	16186.0	13142.0	61377.0	514807.0
Res2_Phage_F5_1	25400.0	13629.0	22544.0	29536.0	34109.0	38065.0	40603.0	42608.0	43945.0	45292.0	45240.0	44969.0	43684.0	42668.0	41312.0	39435.0	37044.0	34778.0	32664.0	30036.0	27538.0	25033.0	22348.0	19260.0	17171.0	14828.0	19205.0	126759.0
Res2_Phage_F5_2	24545.0	13567.0	22454.0	29405.0	33937.0	37856.0	40395.0	42362.0	43617.0	44883.0	44636.0	44223.0	42720.0	41292.0	39371.0	36713.0	33303.0	29559.0	25369.0	20753.0	15465.0	11829.0	8463.0	5572.0	4221.0	3403.0	27821.0	231969.0
Res2_Phage_F6_1	47433.0	6620.0	10315.0	13645.0	15814.0	17819.0	18755.0	19399.0	19643.0	19712.0	19480.0	19218.0	19083.0	18548.0	18225.0	17781.0	17323.0	16776.0	16260.0	15507.0	14915.0	14680.0	13995.0	13251.0	12618.0	11891.0	17963.0	155057.0
Res2_Phage_F6_2	45483.0	6610.0	10292.0	13610.0	15791.0	17774.0	18700.0	19338.0	19567.0	19629.0	19364.0	19096.0	18937.0	18370.0	18002.0	17499.0	16924.0	16238.0	15408.0	14224.0	12640.0	11189.0	8235.0	5367.0	3659.0	2839.0	17933.0	199008.0
Res2_Phage_G1_1	158410.0	32901.0	72234.0	111126.0	140600.0	157583.0	163133.0	158960.0	151382.0	139798.0	125830.0	112728.0	99414.0	87347.0	75557.0	66214.0	57228.0	49624.0	42907.0	37788.0	32283.0	27612.0	23614.0	20319.0	17094.0	14845.0	27291.0	220748.0
Res2_Phage_G1_2	152569.0	32668.0	71847.0	110488.0	139865.0	156488.0	161992.0	157812.0	150101.0	138475.0	124500.0	111123.0	97611.0	85258.0	73047.0	62972.0	52752.0	43304.0	34439.0	26257.0	16729.0	12463.0	8744.0	5674.0	4312.0	3591.0	39680.0	349809.0
Res2_Phage_G2_1	6562.0	6183.0	11195.0	15758.0	20339.0	25658.0	31258.0	37300.0	44003.0	50224.0	55481.0	59854.0	63229.0	64754.0	65903.0	66272.0	64554.0	62727.0	59710.0	57195.0	53702.0	49769.0	44941.0	39869.0	34049.0	30631.0	52143.0	369156.0
Res2_Phage_G2_2	6314.0	6159.0	11163.0	15699.0	20258.0	25565.0	31107.0	37129.0	43780.0	49966.0	55101.0	59337.0	62504.0	63719.0	64408.0	64012.0	60705.0	56216.0	49283.0	42004.0	31865.0	25811.0	19114.0	13260.0	9683.0	7851.0	70387.0	540019.0
Res2_Phage_G3_1	214708.0	64836.0	97130.0	113373.0	121342.0	124746.0	124775.0	121249.0	116268.0	109386.0	101200.0	94208.0	86625.0	78538.0	72758.0	65236.0	60071.0	53780.0	48837.0	44603.0	40312.0	35622.0	31388.0	26761.0	22159.0	18231.0	33297.0	227928.0
Res2_Phage_G3_2	204409.0	64424.0	96501.0	112554.0	120426.0	123662.0	123597.0	120068.0	115046.0	108113.0	99784.0	92610.0	84849.0	76561.0	70183.0	61487.0	53628.0	42583.0	32246.0	23875.0	18922.0	16069.0	14513.0	12487.0	9935.0	8200.0	48102.0	394533.0
Res2_Phage_G4_1	50271.0	27114.0	49404.0	64920.0	74303.0	81371.0	85806.0	88678.0	88557.0	87189.0	84993.0	81503.0	77623.0	73078.0	68822.0	64456.0	59145.0	54751.0	49441.0	44955.0	40249.0	35972.0	31309.0	26111.0	22108.0	18999.0	30416.0	190843.0
Res2_Phage_G4_2	48090.0	26923.0	49075.0	64506.0	73813.0	80781.0	85156.0	87910.0	87716.0	86225.0	83818.0	80051.0	75883.0	70851.0	65907.0	60688.0	53655.0	46487.0	38394.0	30742.0	23163.0	18956.0	14786.0	10398.0	7784.0	6195.0	43075.0	331359.0
Res2_Phage_G5_1	28036.0	11442.0	19615.0	24942.0	29410.0	32482.0	35031.0	36401.0	36999.0	36987.0	36479.0	35286.0	33901.0	32420.0	30376.0	28813.0	26842.0	24805.0	22749.0	21289.0	19318.0	17890.0	15862.0	14042.0	12134.0	10355.0	19573.0	156503.0
Res2_Phage_G5_2	26560.0	11366.0	19508.0	24823.0	29238.0	32283.0	34826.0	36159.0	36710.0	36633.0	36056.0	34849.0	33284.0	31593.0	29304.0	27203.0	24253.0	20883.0	16983.0	13408.0	9571.0	7100.0	5118.0	3651.0	2604.0	2277.0	27579.0	236160.0
Res2_Phage_G6_1	138121.0	5980.0	9001.0	11232.0	12797.0	13979.0	15006.0	15456.0	15784.0	15828.0	15730.0	15741.0	15530.0	15523.0	15814.0	15472.0	15177.0	15428.0	15206.0	15033.0	15099.0	14863.0	14774.0	14031.0	13154.0	12074.0	24561.0	203704.0
Res2_Phage_G6_2	129042.0	6000.0	8953.0	11383.0	12696.0	13843.0	14879.0	15291.0	15629.0	15632.0	15504.0	15478.0	15209.0	15071.0	15184.0	14545.0	13555.0	12437.0	10578.0	8806.0	7321.0	6070.0	5244.0	4387.0	3817.0	3379.0	31161.0	279004.0
Res2_Phage_H1_1	42793.0	22418.0	33967.0	40578.0	45020.0	47929.0	50410.0	52462.0	54059.0	56101.0	57059.0	57887.0	59043.0	60021.0	60219.0	61525.0	60897.0	60743.0	60050.0	57987.0	56487.0	53755.0	49994.0	46152.0	41353.0	37250.0	54639.0	388358.0
Res2_Phage_H1_2	41082.0	22293.0	33797.0	40369.0	44781.0	47709.0	50178.0	52154.0	53748.0	55716.0	56574.0	57276.0	58216.0	58918.0	58631.0	59206.0	57402.0	55084.0	51069.0	44604.0	36367.0	29388.0	21889.0	14730.0	10942.0	9186.0	73021.0	574826.0
Res2_Phage_H2_1	106453.0	61149.0	93632.0	114270.0	129505.0	140668.0	148164.0	154072.0	157420.0	158649.0	156750.0	153598.0	148391.0	143098.0	135886.0	128435.0	120681.0	113100.0	104245.0	95214.0	87153.0	77710.0	67940.0	58288.0	48614.0	40267.0	62180.0	384701.0
Res2_Phage_H2_2	99728.0	60218.0	92215.0	112463.0	127320.0	138203.0	145429.0	151098.0	154152.0	155151.0	153024.0	149501.0	143738.0	137693.0	129328.0	119677.0	107365.0	91599.0	73098.0	57102.0	45327.0	36921.0	31185.0	25210.0	20081.0	16300.0	95703.0	721404.0
Res2_Phage_H3_1	334094.0	29057.0	52104.0	62835.0	64370.0	61201.0	56814.0	52830.0	50311.0	48218.0	47465.0	47794.0	48658.0	49503.0	50846.0	51715.0	52563.0	52932.0	52803.0	51756.0	51392.0	49407.0	47327.0	44340.0	40618.0	37611.0	72923.0	838996.0
Res2_Phage_H3_2	323348.0	28877.0	51846.0	62539.0	63972.0	60679.0	56215.0	52213.0	49693.0	47559.0	46747.0	46946.0	47678.0	48169.0	49057.0	48968.0	48225.0	46502.0	42991.0	37873.0	32978.0	28211.0	23412.0	18527.0	14643.0	12466.0	99934.0	1010215.0
Res2_Phage_H4_1	76744.0	6916.0	10752.0	12711.0	13919.0	15037.0	16159.0	16503.0	17280.0	17721.0	17968.0	18162.0	18309.0	18364.0	18172.0	18214.0	18037.0	17694.0	17606.0	17170.0	16851.0	16468.0	15813.0	15255.0	14440.0	13388.0	22796.0	215811.0
Res2_Phage_H4_2	72524.0	6890.0	10716.0	12673.0	13861.0	14975.0	16084.0	16415.0	17174.0	17628.0	17823.0	18013.0	18118.0	18088.0	17815.0	17707.0	17378.0	16695.0	16218.0	15128.0	13812.0	12205.0	9880.0	7014.0	5146.0	4047.0	26328.0	263905.0
Res2_Phage_H5_1	262953.0	2758.0	4125.0	4838.0	5165.0	5142.0	5254.0	5532.0	5441.0	5553.0	5501.0	5621.0	5774.0	5801.0	5633.0	5598.0	5357.0	5438.0	5198.0	5056.0	4954.0	4555.0	4182.0	3776.0	3439.0	3292.0	7573.0	73694.0
Res2_Phage_H5_2	249712.0	2743.0	4126.0	5049.0	5190.0	5112.0	5203.0	5478.0	5369.0	5484.0	5426.0	5517.0	5628.0	5632.0	5341.0	5165.0	4747.0	4485.0	3854.0	3362.0	2802.0	2182.0	1679.0	1074.0	828.0	662.0	9073.0	106280.0
Res2_Phage_H6_1	70097.0	20687.0	31531.0	39068.0	44917.0	49544.0	52931.0	54868.0	56368.0	56544.0	55888.0	54029.0	52598.0	50326.0	47409.0	44771.0	41519.0	38511.0	35520.0	32598.0	30351.0	27648.0	25076.0	22794.0	20782.0	18294.0	25030.0	195856.0
Res2_Phage_H6_2	67463.0	20606.0	31401.0	38935.0	44729.0	49341.0	52719.0	54632.0	56099.0	56266.0	55490.0	53587.0	52043.0	49594.0	46469.0	43405.0	39832.0	36258.0	32363.0	28055.0	23697.0	18896.0	13888.0	8835.0	6309.0	4756.0	29036.0	280851.0
Res2_Phage_I1_1	51284.0	32507.0	59158.0	76985.0	86257.0	90376.0	92229.0	91890.0	91263.0	89425.0	87760.0	86773.0	84388.0	82316.0	79389.0	78307.0	75950.0	73352.0	70765.0	67641.0	64132.0	61248.0	56495.0	51766.0	46558.0	41711.0	53538.0	371782.0
Res2_Phage_I1_2	50109.0	32395.0	58978.0	76741.0	86000.0	90020.0	91927.0	91488.0	90785.0	88906.0	87083.0	85910.0	83283.0	80853.0	77513.0	75523.0	71950.0	67364.0	61792.0	54945.0	46742.0	40473.0	32892.0	25428.0	19960.0	16537.0	70839.0	538809.0
Res2_Phage_I2_1	24319.0	7071.0	13986.0	20384.0	25384.0	31031.0	36311.0	41820.0	47804.0	54006.0	60087.0	66597.0	73104.0	78229.0	82323.0	85284.0	86594.0	85651.0	82915.0	79651.0	74124.0	68234.0	62041.0	55437.0	48471.0	41633.0	47855.0	270565.0
Res2_Phage_I2_2	23312.0	7049.0	13929.0	20263.0	25247.0	30867.0	36122.0	41627.0	47524.0	53664.0	59581.0	66013.0	72287.0	77175.0	80804.0	83039.0	83218.0	80319.0	74749.0	68324.0	60182.0	51817.0	42377.0	30588.0	22292.0	16845.0	58923.0	422774.0
Res2_Phage_I3_1	2329.0	4278.0	10776.0	16364.0	21112.0	24668.0	27333.0	30097.0	32447.0	34524.0	36403.0	37591.0	38674.0	39070.0	40081.0	39894.0	38895.0	38147.0	36966.0	35110.0	33202.0	30629.0	27450.0	24247.0	20635.0	17613.0	24542.0	122947.0
Res2_Phage_I3_2	2186.0	4254.0	10718.0	16266.0	20974.0	24505.0	27150.0	29889.0	32225.0	34249.0	36107.0	37232.0	38231.0	38552.0	39438.0	38918.0	37249.0	35065.0	31470.0	27233.0	22423.0	19659.0	16961.0	13956.0	11635.0	9463.0	31440.0	198576.0
Res2_Phage_I4_1	2918.0	3379.0	6951.0	10971.0	14744.0	19049.0	23711.0	28477.0	34159.0	39582.0	45037.0	50572.0	55303.0	59350.0	61970.0	63850.0	64332.0	63008.0	59920.0	57643.0	52948.0	47599.0	41501.0	35482.0	28586.0	24574.0	40984.0	261027.0
Res2_Phage_I4_2	2797.0	3355.0	6899.0	10886.0	14622.0	18895.0	23506.0	28231.0	33825.0	39173.0	44444.0	49651.0	54172.0	57643.0	59556.0	59990.0	57949.0	52525.0	44428.0	36857.0	27850.0	23181.0	18409.0	14328.0	10777.0	8629.0	56804.0	438245.0
Res2_Phage_I5_1	112488.0	32290.0	52338.0	63323.0	69651.0	73889.0	75889.0	76872.0	77393.0	76418.0	76162.0	74454.0	73104.0	71713.0	69385.0	67636.0	66260.0	63572.0	61363.0	58698.0	55462.0	52142.0	49395.0	45428.0	41540.0	36812.0	48339.0	293603.0
Res2_Phage_I5_2	106700.0	32105.0	52052.0	63003.0	69240.0	73483.0	75422.0	76358.0	76853.0	75864.0	75510.0	73767.0	72345.0	70706.0	68204.0	66064.0	63751.0	59359.0	54784.0	49081.0	43683.0	38566.0	33526.0	26050.0	20429.0	16535.0	58435.0	423744.0
Res2_Phage_I6_1	11295.0	10756.0	20712.0	27600.0	32642.0	36603.0	40210.0	44685.0	48326.0	52895.0	57259.0	62070.0	65904.0	69245.0	72300.0	74149.0	74248.0	73769.0	72723.0	70080.0	66570.0	63091.0	58550.0	53279.0	47953.0	42659.0	51157.0	367215.0
Res2_Phage_I6_2	10771.0	10711.0	20600.0	27477.0	32511.0	36448.0	40046.0	44490.0	48079.0	52618.0	56894.0	61625.0	65331.0	68534.0	71273.0	72759.0	72191.0	70584.0	67661.0	62449.0	54787.0	48557.0	40658.0	32576.0	26048.0	20826.0	68894.0	482547.0
Res2_Phage_J1_1	205023.0	21262.0	38228.0	50563.0	59615.0	65880.0	70468.0	74005.0	76645.0	77809.0	77871.0	77256.0	75966.0	74805.0	72958.0	71660.0	69698.0	66580.0	64087.0	61550.0	57958.0	53604.0	48576.0	43128.0	37497.0	33652.0	88015.0	610239.0
Res2_Phage_J1_2	197580.0	21176.0	38095.0	50415.0	59388.0	65577.0	70114.0	73614.0	76165.0	77289.0	77262.0	76480.0	74985.0	73472.0	71041.0	68732.0	64869.0	58528.0	50811.0	41207.0	26277.0	19666.0	12375.0	7158.0	5183.0	4616.0	112361.0	850162.0
Res2_Phage_J2_1	84840.0	65934.0	109584.0	133060.0	146641.0	152284.0	154024.0	153809.0	150435.0	146145.0	140619.0	133755.0	126026.0	118867.0	110293.0	102054.0	93219.0	85169.0	76864.0	68126.0	60420.0	52665.0	45173.0	38464.0	31246.0	25162.0	31783.0	164261.0
Res2_Phage_J2_2	80119.0	65573.0	108884.0	132247.0	145682.0	151198.0	152822.0	152617.0	149189.0	144876.0	139303.0	132387.0	124525.0	117223.0	108275.0	99408.0	89253.0	78370.0	65944.0	53404.0	43011.0	34449.0	27632.0	21352.0	16115.0	12457.0	46081.0	308526.0
Res2_Phage_J4_1	34846.0	17835.0	32210.0	45804.0	57472.0	66977.0	75102.0	81048.0	84879.0	88648.0	90734.0	92310.0	92799.0	92005.0	91973.0	90733.0	88223.0	85153.0	81255.0	78204.0	72993.0	66886.0	61317.0	54422.0	47437.0	40521.0	50798.0	331927.0
Res2_Phage_J4_2	33205.0	17724.0	32017.0	45507.0	57123.0	66526.0	74544.0	80418.0	84133.0	87795.0	89740.0	91110.0	91428.0	90099.0	89394.0	87166.0	82435.0	75681.0	66858.0	59696.0	51217.0	43732.0	36047.0	26115.0	19121.0	14914.0	67145.0	533621.0
Res2_Phage_J5_1	35517.0	8212.0	13404.0	16135.0	17975.0	19083.0	20536.0	21293.0	21985.0	22480.0	22790.0	22742.0	22568.0	22295.0	21783.0	21494.0	20520.0	19611.0	19140.0	17702.0	17500.0	16238.0	15562.0	14969.0	13878.0	12653.0	19768.0	151013.0
Res2_Phage_J5_2	33983.0	8157.0	13341.0	16083.0	17897.0	18992.0	20415.0	21190.0	21864.0	22346.0	22642.0	22583.0	22379.0	22043.0	21501.0	21116.0	19995.0	18845.0	17907.0	15871.0	14339.0	11751.0	9504.0	6917.0	5243.0	4363.0	24103.0	193476.0
Res2_Phage_J6_1	26744.0	16718.0	27953.0	35131.0	39689.0	42398.0	44103.0	45883.0	46425.0	46404.0	47681.0	48214.0	48697.0	49440.0	49570.0	50744.0	50919.0	51457.0	51785.0	51441.0	50532.0	48590.0	45733.0	42029.0	37091.0	32486.0	62983.0	378868.0
Res2_Phage_J6_2	25274.0	16572.0	27728.0	34859.0	39330.0	41994.0	43684.0	45425.0	45960.0	45860.0	47046.0	47546.0	47892.0	48337.0	48217.0	48725.0	47476.0	45165.0	40705.0	34686.0	28135.0	25047.0	22436.0	19574.0	16735.0	14547.0	77448.0	543305.0
