Sample	2.0	3.0	4.0	5.0	6.0	7.0	8.0	9.0	10.0	11.0	12.0	13.0	14.0	15.0	16.0	17.0	18.0	19.0	20.0	21.0	22.0	23.0	24.0	25.0	26.0	27.0	28.0	29.0	30.0	31.0	32.0	33.0	34.0	35.0	36.0	37.0
Res2_Phage_A1_1	137000.0	0.0	0.0	0.0	0.0	0.0	4.0	6.0	5.0	5.0	12.0	6.0	15.0	40.0	184.0	305.0	1128.0	2106.0	1865.0	1548.0	1700.0	2310.0	3582.0	5249.0	8217.0	12540.0	18789.0	28329.0	42494.0	62381.0	90065.0	128078.0	180642.0	259517.0	428201.0	1368800.0
Res2_Phage_A1_2	131758.0	0.0	0.0	2.0	3.0	1.0	13.0	35.0	64.0	194.0	1059.0	3059.0	4992.0	5400.0	6161.0	8119.0	11380.0	15644.0	21503.0	28452.0	37005.0	46722.0	58306.0	70852.0	82679.0	94240.0	106838.0	119260.0	130982.0	137049.0	139722.0	144704.0	168380.0	217318.0	297599.0	695628.0
Res2_Phage_A2_1	14763.0	0.0	0.0	0.0	0.0	0.0	0.0	0.0	0.0	0.0	0.0	0.0	0.0	7.0	24.0	59.0	251.0	514.0	579.0	596.0	673.0	821.0	1026.0	1358.0	1977.0	3260.0	5146.0	8583.0	14090.0	22616.0	38514.0	64800.0	113402.0	212903.0	429474.0	2128935.0
Res2_Phage_A2_2	14017.0	0.0	1.0	5.0	16.0	204.0	354.0	372.0	908.0	232.0	317.0	1327.0	3619.0	4350.0	4071.0	4192.0	4342.0	4903.0	5523.0	5942.0	7143.0	9321.0	11597.0	14674.0	18903.0	24296.0	32040.0	41798.0	54779.0	70139.0	87777.0	110243.0	140716.0	201383.0	396447.0	1788420.0
Res2_Phage_A3_1	10129.0	0.0	0.0	0.0	0.0	0.0	0.0	0.0	0.0	0.0	0.0	1.0	1.0	0.0	5.0	17.0	106.0	204.0	230.0	163.0	237.0	378.0	594.0	836.0	1125.0	1716.0	2373.0	3443.0	4812.0	6736.0	9146.0	12521.0	17481.0	23820.0	33273.0	48688.0
Res2_Phage_A3_2	9767.0	0.0	0.0	0.0	0.0	0.0	1.0	3.0	2.0	6.0	62.0	290.0	580.0	865.0	1180.0	1750.0	2185.0	2867.0	3709.0	4390.0	5451.0	6276.0	7249.0	8204.0	9323.0	10717.0	11944.0	13311.0	13769.0	12380.0	9563.0	6818.0	5705.0	6287.0	8715.0	14666.0
Res2_Phage_A4_1	39000.0	0.0	0.0	0.0	0.0	0.0	0.0	0.0	0.0	0.0	0.0	3.0	3.0	11.0	29.0	69.0	326.0	585.0	456.0	302.0	264.0	280.0	301.0	391.0	567.0	829.0	1266.0	1961.0	3046.0	4709.0	7526.0	12093.0	19831.0	34560.0	72171.0	405421.0
Res2_Phage_A4_2	37991.0	0.0	0.0	0.0	0.0	1.0	1.0	2.0	7.0	30.0	176.0	605.0	907.0	921.0	657.0	636.0	710.0	819.0	1056.0	1300.0	1737.0	2174.0	2797.0	3630.0	4688.0	6106.0	7857.0	9826.0	12769.0	15712.0	18955.0	23827.0	32787.0	49263.0	79119.0	288934.0
Res2_Phage_A5_1	30813.0	0.0	0.0	0.0	0.0	0.0	0.0	0.0	1.0	3.0	2.0	1.0	4.0	6.0	25.0	44.0	148.0	277.0	308.0	376.0	468.0	568.0	930.0	1265.0	1918.0	2743.0	4131.0	6218.0	9430.0	14096.0	21076.0	31817.0	48152.0	78027.0	147090.0	599596.0
Res2_Phage_A5_2	29671.0	0.0	0.0	0.0	1.0	7.0	14.0	33.0	55.0	47.0	148.0	512.0	837.0	1187.0	1419.0	1922.0	2676.0	3672.0	4984.0	6368.0	8178.0	10262.0	12727.0	15723.0	18737.0	22871.0	27105.0	31056.0	33988.0	35908.0	38371.0	43861.0	57037.0	82857.0	126967.0	380332.0
Res2_Phage_A6_1	1124.0	0.0	0.0	0.0	0.0	0.0	0.0	0.0	0.0	4.0	3.0	0.0	1.0	4.0	15.0	26.0	39.0	65.0	99.0	151.0	229.0	351.0	600.0	862.0	1397.0	2058.0	3215.0	4653.0	6851.0	9672.0	13412.0	17992.0	22649.0	29919.0	44540.0	135035.0
Res2_Phage_A6_2	1095.0	0.0	0.0	0.0	0.0	0.0	3.0	7.0	14.0	17.0	44.0	89.0	334.0	772.0	1339.0	1893.0	2543.0	3579.0	4553.0	5934.0	7229.0	8566.0	10263.0	11585.0	12241.0	13252.0	13471.0	13854.0	14039.0	13952.0	13576.0	13412.0	15861.0	22156.0	28688.0	60605.0
Res2_Phage_B1_1	59803.0	0.0	0.0	0.0	0.0	0.0	2.0	3.0	9.0	20.0	20.0	21.0	26.0	55.0	87.0	210.0	463.0	700.0	651.0	858.0	961.0	1382.0	1821.0	2758.0	4215.0	6969.0	10765.0	17001.0	26835.0	41289.0	63395.0	96765.0	144669.0	214621.0	365777.0	1377567.0
Res2_Phage_B1_2	57676.0	0.0	0.0	1.0	1.0	24.0	70.0	117.0	233.0	234.0	432.0	1442.0	2486.0	2519.0	2245.0	2863.0	3580.0	4923.0	6604.0	8816.0	12146.0	16311.0	22181.0	29291.0	39196.0	51565.0	66347.0	82434.0	96373.0	101885.0	91299.0	82503.0	103811.0	168976.0	333694.0	1047440.0
Res2_Phage_B2_1	42891.0	0.0	0.0	0.0	0.0	0.0	0.0	0.0	0.0	0.0	0.0	0.0	2.0	22.0	105.0	190.0	360.0	596.0	704.0	785.0	935.0	1130.0	1549.0	2181.0	3436.0	5727.0	9098.0	15026.0	24523.0	39560.0	63801.0	103395.0	172712.0	309660.0	670319.0	3685973.0
Res2_Phage_B2_2	41078.0	0.0	0.0	0.0	0.0	0.0	0.0	0.0	0.0	21.0	342.0	2078.0	4557.0	4785.0	4500.0	4753.0	5444.0	6516.0	8483.0	10828.0	14006.0	17919.0	23388.0	29378.0	37779.0	48499.0	62154.0	81421.0	107495.0	144119.0	197803.0	272909.0	367171.0	440511.0	643338.0	2573405.0
Res2_Phage_B3_1	35498.0	0.0	0.0	0.0	0.0	0.0	1.0	0.0	0.0	0.0	1.0	2.0	1.0	3.0	8.0	25.0	131.0	248.0	192.0	121.0	103.0	132.0	185.0	251.0	388.0	731.0	1182.0	1863.0	3028.0	4872.0	7745.0	12759.0	20057.0	32452.0	59484.0	178973.0
Res2_Phage_B3_2	34729.0	0.0	0.0	0.0	0.0	0.0	2.0	0.0	5.0	13.0	87.0	349.0	524.0	479.0	371.0	476.0	594.0	861.0	1115.0	1529.0	2119.0	2761.0	3727.0	4841.0	6240.0	8235.0	10751.0	14156.0	17882.0	22297.0	25633.0	27365.0	26893.0	25335.0	32454.0	88613.0
Res2_Phage_B4_1	46278.0	0.0	0.0	0.0	0.0	0.0	3.0	3.0	5.0	13.0	14.0	8.0	8.0	13.0	50.0	108.0	286.0	511.0	595.0	685.0	840.0	1046.0	1419.0	2169.0	3247.0	5024.0	7823.0	12183.0	18881.0	28951.0	44882.0	68392.0	102612.0	152494.0	246001.0	924895.0
Res2_Phage_B4_2	43763.0	0.0	0.0	4.0	1.0	20.0	38.0	48.0	118.0	109.0	350.0	1132.0	1875.0	1865.0	1770.0	2123.0	2903.0	3666.0	5267.0	6990.0	9401.0	12522.0	16699.0	21753.0	28347.0	36846.0	47158.0	59460.0	72264.0	81451.0	77956.0	71240.0	86454.0	131213.0	213957.0	630676.0
Res2_Phage_B5_1	1892.0	0.0	0.0	0.0	0.0	0.0	0.0	0.0	2.0	1.0	0.0	2.0	2.0	3.0	10.0	19.0	93.0	144.0	146.0	108.0	143.0	149.0	214.0	322.0	534.0	833.0	1321.0	2326.0	3555.0	5535.0	8689.0	13512.0	21538.0	34663.0	62474.0	244647.0
Res2_Phage_B5_2	1794.0	0.0	0.0	0.0	1.0	13.0	23.0	24.0	41.0	22.0	88.0	321.0	652.0	632.0	558.0	583.0	708.0	884.0	1228.0	1628.0	2098.0	2765.0	3641.0	4780.0	6278.0	7781.0	9735.0	12097.0	13856.0	15024.0	15319.0	15501.0	19062.0	29532.0	57471.0	178737.0
Res2_Phage_B6_1	64347.0	0.0	0.0	0.0	0.0	0.0	0.0	3.0	1.0	11.0	3.0	9.0	6.0	28.0	72.0	184.0	612.0	832.0	669.0	518.0	492.0	604.0	675.0	934.0	1366.0	2019.0	3241.0	5079.0	7902.0	12721.0	19827.0	31239.0	49598.0	82322.0	158923.0	653852.0
Res2_Phage_B6_2	62299.0	0.0	0.0	1.0	0.0	0.0	1.0	19.0	30.0	87.0	316.0	1093.0	1744.0	1554.0	1314.0	1321.0	1482.0	1821.0	2393.0	3160.0	4242.0	5513.0	6838.0	8847.0	11115.0	13648.0	16620.0	19965.0	23533.0	26519.0	28509.0	33527.0	47621.0	80076.0	158332.0	534549.0
Res2_Phage_C1_1	139095.0	0.0	0.0	0.0	0.0	1.0	0.0	3.0	9.0	9.0	12.0	20.0	32.0	93.0	201.0	434.0	1672.0	2856.0	2119.0	1475.0	1429.0	1846.0	2545.0	3910.0	6066.0	9484.0	15218.0	23371.0	36309.0	54659.0	82363.0	121360.0	174409.0	250475.0	424418.0	1521757.0
Res2_Phage_C1_2	133243.0	0.0	0.0	2.0	1.0	5.0	10.0	41.0	74.0	246.0	1047.0	3813.0	5832.0	5134.0	4099.0	4700.0	5691.0	7575.0	10190.0	13989.0	18370.0	24367.0	32091.0	41494.0	53422.0	67286.0	82585.0	99598.0	114030.0	120834.0	116824.0	115814.0	142722.0	213364.0	364987.0	1074170.0
Res2_Phage_C2_1	51369.0	0.0	0.0	0.0	0.0	0.0	0.0	3.0	3.0	4.0	3.0	3.0	5.0	29.0	65.0	157.0	641.0	948.0	683.0	484.0	460.0	558.0	749.0	1041.0	1695.0	2657.0	4009.0	6300.0	9616.0	14870.0	22334.0	32605.0	48951.0	75843.0	139196.0	543110.0
Res2_Phage_C2_2	48651.0	0.0	1.0	1.0	0.0	14.0	27.0	28.0	54.0	56.0	405.0	1622.0	2597.0	2540.0	2269.0	2568.0	3150.0	3945.0	5133.0	6494.0	8321.0	10659.0	13285.0	16279.0	19668.0	23469.0	27330.0	30546.0	31949.0	32019.0	32719.0	37111.0	48692.0	72895.0	132118.0	341776.0
Res2_Phage_C3_1	1815.0	0.0	0.0	0.0	0.0	0.0	0.0	3.0	1.0	4.0	3.0	3.0	9.0	17.0	35.0	71.0	99.0	173.0	221.0	328.0	458.0	666.0	1140.0	1799.0	2976.0	5001.0	7656.0	11801.0	17985.0	26360.0	38522.0	54048.0	72171.0	93649.0	136137.0	351148.0
Res2_Phage_C3_2	1721.0	0.0	0.0	0.0	0.0	1.0	3.0	16.0	27.0	47.0	100.0	345.0	790.0	896.0	1210.0	2033.0	3064.0	4442.0	6143.0	8219.0	11256.0	14645.0	19283.0	24748.0	30886.0	37899.0	44695.0	51030.0	54410.0	53935.0	46759.0	41498.0	44564.0	56925.0	85604.0	177105.0
Res2_Phage_C4_1	26589.0	0.0	0.0	0.0	0.0	0.0	1.0	4.0	3.0	9.0	6.0	9.0	16.0	10.0	44.0	76.0	224.0	405.0	420.0	447.0	574.0	801.0	1105.0	1736.0	2559.0	4055.0	6155.0	9882.0	15438.0	24140.0	36735.0	56723.0	86698.0	134366.0	244461.0	1064365.0
Res2_Phage_C4_2	25482.0	0.0	0.0	0.0	0.0	17.0	32.0	47.0	94.0	96.0	238.0	835.0	1575.0	1660.0	1469.0	1811.0	2388.0	3443.0	4568.0	6333.0	8646.0	11538.0	15752.0	20567.0	27050.0	34787.0	43698.0	53566.0	61500.0	66045.0	64961.0	67321.0	88563.0	136701.0	237025.0	730248.0
Res2_Phage_C5_1	17479.0	0.0	0.0	0.0	0.0	0.0	0.0	0.0	2.0	3.0	1.0	4.0	2.0	15.0	45.0	89.0	198.0	272.0	357.0	398.0	461.0	595.0	814.0	1120.0	1578.0	2531.0	3826.0	5978.0	9355.0	14712.0	22902.0	35049.0	55474.0	90035.0	170441.0	652204.0
Res2_Phage_C5_2	16771.0	0.0	0.0	0.0	1.0	11.0	12.0	22.0	59.0	48.0	152.0	627.0	1147.0	1200.0	1264.0	1530.0	2227.0	2876.0	3776.0	5114.0	6659.0	8690.0	11476.0	14403.0	18280.0	22514.0	27324.0	32552.0	37256.0	40116.0	41329.0	44606.0	54068.0	78611.0	149693.0	461526.0
Res2_Phage_C6_1	27500.0	0.0	0.0	0.0	0.0	0.0	0.0	0.0	1.0	3.0	1.0	4.0	2.0	5.0	18.0	43.0	96.0	200.0	220.0	258.0	280.0	417.0	680.0	961.0	1534.0	2481.0	3729.0	5696.0	9031.0	13201.0	19955.0	29422.0	42350.0	61592.0	109333.0	406497.0
Res2_Phage_C6_2	26547.0	0.0	0.0	0.0	0.0	1.0	5.0	10.0	13.0	32.0	122.0	378.0	779.0	794.0	985.0	1279.0	1764.0	2480.0	3465.0	4577.0	5957.0	7687.0	10286.0	13107.0	16613.0	20192.0	24725.0	28970.0	32936.0	35257.0	35809.0	38260.0	47377.0	61171.0	81218.0	232714.0
Res2_Phage_D1_1	27277.0	0.0	0.0	0.0	0.0	0.0	0.0	1.0	3.0	8.0	3.0	1.0	4.0	18.0	68.0	99.0	360.0	472.0	542.0	560.0	665.0	917.0	1218.0	1872.0	2790.0	4445.0	6684.0	10569.0	16152.0	24639.0	37065.0	54247.0	79615.0	115506.0	200601.0	709879.0
Res2_Phage_D1_2	26531.0	0.0	0.0	0.0	0.0	0.0	8.0	18.0	24.0	67.0	221.0	760.0	1552.0	1453.0	1616.0	2140.0	3010.0	4019.0	5433.0	7348.0	9889.0	12998.0	17324.0	22106.0	28751.0	36472.0	44442.0	53671.0	61647.0	65297.0	63789.0	63644.0	73585.0	96582.0	152091.0	439792.0
Res2_Phage_D2_1	8727.0	0.0	0.0	0.0	0.0	0.0	1.0	2.0	8.0	6.0	10.0	15.0	9.0	19.0	31.0	92.0	155.0	320.0	453.0	608.0	790.0	1202.0	1772.0	2759.0	4246.0	6488.0	10249.0	16378.0	24816.0	38303.0	57588.0	85930.0	123930.0	177453.0	277100.0	818464.0
Res2_Phage_D2_2	8411.0	0.0	0.0	1.0	2.0	11.0	27.0	43.0	105.0	112.0	212.0	646.0	1444.0	1632.0	1760.0	2368.0	3295.0	4692.0	6370.0	8599.0	11675.0	16033.0	21316.0	28513.0	37551.0	48622.0	62565.0	77356.0	92066.0	102078.0	97258.0	87170.0	90886.0	118019.0	206693.0	520393.0
Res2_Phage_D3_1	5977.0	0.0	0.0	0.0	0.0	0.0	3.0	2.0	8.0	5.0	6.0	14.0	12.0	18.0	18.0	57.0	140.0	211.0	347.0	348.0	483.0	679.0	964.0	1419.0	2420.0	3646.0	6142.0	9766.0	15723.0	24715.0	39052.0	60198.0	92069.0	140113.0	228556.0	834925.0
Res2_Phage_D3_2	5575.0	0.0	0.0	1.0	4.0	53.0	62.0	113.0	220.0	124.0	166.0	445.0	963.0	1150.0	1189.0	1659.0	2086.0	2895.0	3948.0	5076.0	6751.0	8968.0	12193.0	15905.0	20771.0	27913.0	37073.0	47736.0	59410.0	68449.0	67513.0	60601.0	68533.0	99820.0	191721.0	648950.0
Res2_Phage_D4_1	1543.0	0.0	0.0	0.0	0.0	0.0	0.0	0.0	0.0	4.0	0.0	3.0	1.0	3.0	13.0	15.0	40.0	66.0	90.0	123.0	154.0	212.0	255.0	398.0	601.0	925.0	1437.0	2313.0	3774.0	6221.0	10028.0	16070.0	25615.0	43367.0	81099.0	372261.0
Res2_Phage_D4_2	1446.0	0.0	0.0	0.0	0.0	17.0	24.0	31.0	82.0	50.0	60.0	153.0	395.0	470.0	384.0	471.0	548.0	689.0	913.0	1180.0	1642.0	2219.0	3210.0	4430.0	6274.0	8323.0	11255.0	14421.0	17798.0	20412.0	20466.0	21052.0	27243.0	43628.0	78257.0	279088.0
Res2_Phage_D5_1	21412.0	0.0	0.0	0.0	0.0	0.0	1.0	0.0	2.0	8.0	2.0	6.0	4.0	11.0	35.0	71.0	216.0	412.0	484.0	523.0	644.0	798.0	1105.0	1678.0	2517.0	3916.0	6162.0	9696.0	14752.0	22987.0	35963.0	55199.0	86430.0	138030.0	250474.0	1033071.0
Res2_Phage_D5_2	20437.0	0.0	0.0	1.0	5.0	39.0	87.0	108.0	219.0	101.0	244.0	761.0	1403.0	1597.0	1713.0	2215.0	3085.0	4315.0	5862.0	7795.0	10507.0	14114.0	18481.0	23611.0	30450.0	37555.0	45381.0	51492.0	57439.0	59179.0	60719.0	67395.0	86952.0	127470.0	228192.0	717685.0
Res2_Phage_D6_1	19133.0	0.0	0.0	0.0	0.0	0.0	0.0	0.0	0.0	0.0	0.0	0.0	1.0	3.0	12.0	59.0	140.0	324.0	335.0	440.0	513.0	605.0	815.0	1086.0	1557.0	2465.0	3985.0	6480.0	10575.0	17262.0	29132.0	48719.0	84318.0	152520.0	296202.0	1388009.0
Res2_Phage_D6_2	18138.0	0.0	1.0	2.0	6.0	102.0	174.0	168.0	364.0	104.0	206.0	743.0	1658.0	2111.0	2259.0	2500.0	3354.0	4277.0	5160.0	6372.0	8319.0	10542.0	13294.0	16667.0	21131.0	26084.0	32490.0	40056.0	48379.0	58377.0	70151.0	87600.0	115526.0	165027.0	291090.0	1012258.0
Res2_Phage_E1_1	323558.0	0.0	0.0	0.0	0.0	0.0	0.0	0.0	4.0	4.0	3.0	6.0	14.0	57.0	192.0	446.0	2136.0	4141.0	3572.0	2666.0	2205.0	2228.0	2749.0	4069.0	5991.0	9131.0	13871.0	21429.0	33221.0	51924.0	81854.0	129852.0	210790.0	367173.0	763567.0	3793120.0
Res2_Phage_E1_2	310652.0	0.0	0.0	0.0	3.0	7.0	12.0	25.0	52.0	298.0	2244.0	6136.0	8835.0	8443.0	7615.0	8749.0	10617.0	12956.0	16753.0	21282.0	27452.0	34667.0	43898.0	55983.0	69404.0	87073.0	107267.0	129904.0	156031.0	184403.0	216825.0	270453.0	369693.0	506471.0	683054.0	2472716.0
Res2_Phage_E2_1	233825.0	0.0	0.0	0.0	0.0	0.0	0.0	0.0	0.0	0.0	0.0	2.0	1.0	7.0	41.0	147.0	792.0	1658.0	1480.0	914.0	851.0	855.0	1199.0	1628.0	2344.0	3888.0	6080.0	9816.0	15513.0	24995.0	40183.0	66073.0	110612.0	183655.0	311243.0	1198917.0
Res2_Phage_E2_2	220127.0	0.0	1.0	10.0	22.0	110.0	225.0	269.0	463.0	243.0	1309.0	4119.0	6746.0	6802.0	5489.0	5163.0	5459.0	6615.0	8191.0	10241.0	13086.0	16722.0	21272.0	26731.0	33028.0	40383.0	48976.0	58231.0	66623.0	76219.0	84340.0	92260.0	107508.0	147077.0	267680.0	834979.0
Res2_Phage_E3_1	137349.0	0.0	0.0	0.0	0.0	0.0	0.0	0.0	0.0	0.0	0.0	1.0	0.0	11.0	47.0	148.0	737.0	1487.0	1319.0	759.0	632.0	705.0	919.0	1487.0	2032.0	3318.0	5165.0	8214.0	13039.0	20761.0	33512.0	54911.0	90240.0	150751.0	262190.0	1089062.0
Res2_Phage_E3_2	130126.0	0.0	0.0	6.0	10.0	86.0	184.0	226.0	396.0	146.0	798.0	2932.0	4991.0	5041.0	4220.0	4552.0	5179.0	6180.0	7887.0	10250.0	13229.0	16790.0	21341.0	26645.0	32333.0	38856.0	44278.0	48609.0	52624.0	55381.0	59555.0	68514.0	86693.0	127090.0	234686.0	768962.0
Res2_Phage_E4_1	172051.0	0.0	0.0	0.0	0.0	0.0	0.0	0.0	0.0	0.0	0.0	1.0	7.0	59.0	206.0	478.0	1343.0	2582.0	2546.0	2273.0	2232.0	2889.0	3925.0	5686.0	8165.0	13220.0	20278.0	31126.0	47381.0	72779.0	110445.0	171043.0	271478.0	462966.0	935350.0	4549208.0
Res2_Phage_E4_2	165062.0	0.0	0.0	0.0	0.0	0.0	0.0	0.0	0.0	123.0	1072.0	3697.0	6166.0	7298.0	7932.0	10250.0	13115.0	16516.0	21106.0	25967.0	32299.0	39401.0	48802.0	59701.0	74156.0	91146.0	113419.0	141220.0	176857.0	221919.0	282362.0	363514.0	465303.0	566268.0	783837.0	3151209.0
Res2_Phage_E5_1	1149.0	0.0	0.0	0.0	0.0	0.0	0.0	0.0	2.0	3.0	0.0	3.0	3.0	11.0	10.0	24.0	59.0	96.0	120.0	170.0	228.0	303.0	434.0	645.0	984.0	1428.0	2276.0	3604.0	5632.0	8979.0	14198.0	21994.0	33838.0	53076.0	102946.0	488139.0
Res2_Phage_E5_2	1118.0	0.0	0.0	0.0	0.0	0.0	1.0	5.0	11.0	24.0	51.0	133.0	282.0	321.0	359.0	539.0	822.0	1261.0	1811.0	2596.0	3562.0	5057.0	7051.0	9599.0	12787.0	17084.0	21780.0	27248.0	32602.0	35992.0	37582.0	40214.0	49131.0	64646.0	91787.0	274898.0
Res2_Phage_E6_1	65990.0	0.0	0.0	0.0	0.0	0.0	0.0	0.0	3.0	5.0	5.0	4.0	3.0	9.0	45.0	106.0	537.0	1005.0	868.0	744.0	848.0	1140.0	1623.0	2488.0	3768.0	5796.0	8391.0	12641.0	18442.0	26029.0	36905.0	50725.0	67620.0	90096.0	137934.0	397774.0
Res2_Phage_E6_2	64146.0	0.0	0.0	1.0	0.0	3.0	6.0	10.0	23.0	82.0	371.0	1249.0	2387.0	3203.0	4164.0	5324.0	6616.0	8144.0	10067.0	12515.0	14788.0	18264.0	21538.0	25249.0	29775.0	34772.0	40072.0	45508.0	48662.0	49658.0	46937.0	45944.0	49177.0	59039.0	84025.0	199825.0
Res2_Phage_F1_1	223813.0	0.0	0.0	0.0	0.0	0.0	0.0	0.0	0.0	0.0	0.0	0.0	6.0	19.0	78.0	242.0	998.0	1786.0	1570.0	1186.0	1205.0	1596.0	2382.0	3384.0	5342.0	8187.0	12487.0	18698.0	28352.0	42088.0	64248.0	97792.0	152572.0	251884.0	479057.0	1650228.0
Res2_Phage_F1_2	216376.0	0.0	0.0	0.0	0.0	1.0	1.0	1.0	3.0	123.0	974.0	2996.0	4449.0	5083.0	6111.0	8151.0	10597.0	14167.0	18070.0	23054.0	28860.0	35696.0	44105.0	53403.0	64579.0	77818.0	92227.0	108072.0	126097.0	142564.0	157126.0	166203.0	177280.0	208642.0	311743.0	944628.0
Res2_Phage_F2_1	91353.0	0.0	0.0	0.0	0.0	0.0	0.0	0.0	0.0	0.0	2.0	3.0	2.0	17.0	38.0	97.0	486.0	895.0	745.0	515.0	524.0	698.0	1042.0	1443.0	2272.0	3471.0	5352.0	8235.0	12363.0	19134.0	28247.0	43461.0	67547.0	110486.0	214631.0	885691.0
Res2_Phage_F2_2	88461.0	0.0	0.0	0.0	0.0	0.0	5.0	4.0	7.0	21.0	307.0	1083.0	1967.0	2228.0	2697.0	3638.0	4515.0	5880.0	7371.0	9292.0	11644.0	14463.0	17816.0	21468.0	25693.0	30766.0	36273.0	41910.0	47235.0	51650.0	54687.0	58729.0	68072.0	96879.0	171507.0	622482.0
Res2_Phage_F3_1	11150.0	0.0	0.0	0.0	0.0	0.0	0.0	7.0	1.0	2.0	11.0	7.0	12.0	12.0	32.0	46.0	153.0	311.0	404.0	476.0	644.0	851.0	1305.0	1769.0	2883.0	4562.0	7265.0	11543.0	18092.0	28760.0	44539.0	69379.0	106319.0	164426.0	272243.0	1057748.0
Res2_Phage_F3_2	10591.0	0.0	2.0	2.0	1.0	29.0	65.0	86.0	200.0	134.0	242.0	733.0	1739.0	1790.0	1651.0	2024.0	2426.0	3274.0	4387.0	5915.0	7894.0	10882.0	14733.0	19787.0	26297.0	34478.0	44849.0	57522.0	71129.0	81338.0	81677.0	76818.0	90603.0	134356.0	232899.0	784399.0
Res2_Phage_F4_1	2797.0	0.0	0.0	0.0	0.0	0.0	0.0	2.0	0.0	4.0	6.0	2.0	2.0	4.0	23.0	53.0	119.0	160.0	280.0	388.0	519.0	695.0	1069.0	1579.0	2411.0	3544.0	5617.0	8447.0	12849.0	19266.0	28868.0	43639.0	65773.0	106635.0	201960.0	867516.0
Res2_Phage_F4_2	2730.0	0.0	0.0	0.0	0.0	0.0	2.0	6.0	11.0	22.0	133.0	368.0	851.0	1202.0	1917.0	2772.0	4109.0	5476.0	7334.0	9474.0	12226.0	15360.0	19078.0	23838.0	28557.0	34033.0	39979.0	45652.0	52001.0	57579.0	62617.0	69952.0	86632.0	121002.0	179728.0	489586.0
Res2_Phage_F5_1	19718.0	0.0	0.0	0.0	0.0	0.0	1.0	2.0	1.0	2.0	3.0	2.0	4.0	11.0	39.0	88.0	230.0	427.0	390.0	315.0	365.0	433.0	594.0	902.0	1351.0	2060.0	3161.0	4853.0	7771.0	11908.0	19011.0	29101.0	46448.0	77610.0	153468.0	619434.0
Res2_Phage_F5_2	18892.0	0.0	0.0	1.0	0.0	1.0	3.0	17.0	16.0	49.0	242.0	853.0	1344.0	1245.0	1263.0	1591.0	2072.0	2769.0	3900.0	5509.0	7393.0	9593.0	12633.0	15576.0	18716.0	21982.0	24478.0	26817.0	28343.0	29490.0	31530.0	36047.0	48063.0	74161.0	138825.0	436289.0
Res2_Phage_F6_1	44679.0	0.0	0.0	0.0	0.0	0.0	0.0	0.0	0.0	0.0	0.0	0.0	0.0	4.0	20.0	52.0	409.0	1017.0	898.0	459.0	276.0	286.0	313.0	418.0	567.0	809.0	1311.0	2032.0	3029.0	5027.0	7842.0	13006.0	22505.0	41328.0	89356.0	386083.0
Res2_Phage_F6_2	42737.0	0.0	0.0	0.0	0.0	0.0	0.0	0.0	0.0	14.0	239.0	1015.0	1519.0	1503.0	1174.0	1202.0	1274.0	1556.0	1984.0	2266.0	3014.0	3792.0	4876.0	6088.0	7949.0	9827.0	12419.0	15652.0	19725.0	24669.0	29979.0	35790.0	39937.0	43365.0	64863.0	243298.0
Res2_Phage_G1_1	150594.0	0.0	0.0	0.0	0.0	1.0	1.0	8.0	18.0	17.0	21.0	19.0	37.0	71.0	148.0	353.0	1382.0	1889.0	1425.0	1049.0	969.0	1041.0	1186.0	1725.0	2514.0	3980.0	6157.0	9944.0	16075.0	25276.0	40414.0	64804.0	105746.0	182488.0	368331.0	1436887.0
Res2_Phage_G1_2	144813.0	0.0	0.0	0.0	0.0	4.0	13.0	33.0	99.0	302.0	1109.0	3201.0	4636.0	3988.0	3506.0	3661.0	4268.0	4892.0	5863.0	7095.0	9064.0	11498.0	14400.0	18111.0	22383.0	27502.0	33484.0	40249.0	47008.0	53003.0	60329.0	75198.0	112800.0	191354.0	379515.0	1141189.0
Res2_Phage_G2_1	4926.0	0.0	0.0	0.0	0.0	0.0	0.0	6.0	7.0	8.0	6.0	5.0	12.0	25.0	23.0	47.0	160.0	277.0	426.0	589.0	762.0	1135.0	1634.0	2617.0	3950.0	6139.0	9615.0	14639.0	22161.0	33065.0	48422.0	70097.0	100176.0	144563.0	243480.0	833447.0
Res2_Phage_G2_2	4682.0	0.0	0.0	0.0	1.0	13.0	30.0	41.0	98.0	74.0	131.0	413.0	929.0	1057.0	1169.0	1738.0	2695.0	3921.0	5809.0	8085.0	11363.0	15451.0	20858.0	27902.0	36540.0	47913.0	59397.0	71766.0	79642.0	80021.0	73114.0	72885.0	87175.0	121066.0	199052.0	507388.0
Res2_Phage_G3_1	192946.0	0.0	0.0	0.0	0.0	0.0	0.0	0.0	0.0	0.0	0.0	0.0	2.0	11.0	52.0	149.0	667.0	1267.0	1091.0	703.0	670.0	772.0	1071.0	1541.0	2410.0	3785.0	6234.0	10278.0	16310.0	26590.0	42252.0	68754.0	112655.0	182912.0	318213.0	1358032.0
Res2_Phage_G3_2	182790.0	0.0	2.0	5.0	10.0	132.0	250.0	281.0	520.0	160.0	773.0	3214.0	5853.0	5657.0	4372.0	4003.0	4190.0	5040.0	6194.0	8106.0	10457.0	13494.0	18168.0	23348.0	30641.0	39707.0	50952.0	62990.0	71962.0	72506.0	68790.0	73367.0	96833.0	155208.0	308438.0	1020954.0
Res2_Phage_G4_1	42816.0	0.0	0.0	0.0	0.0	0.0	0.0	3.0	7.0	1.0	7.0	9.0	11.0	15.0	58.0	104.0	406.0	792.0	726.0	620.0	663.0	887.0	1132.0	1754.0	2623.0	4010.0	6113.0	9640.0	14890.0	23374.0	35839.0	55076.0	85900.0	138654.0	255765.0	1070492.0
Res2_Phage_G4_2	40730.0	0.0	1.0	0.0	4.0	36.0	74.0	88.0	178.0	101.0	420.0	1398.0	2399.0	2548.0	2432.0	2731.0	3559.0	4475.0	5821.0	7544.0	9891.0	12788.0	16331.0	20413.0	24272.0	29987.0	35425.0	42227.0	48170.0	52265.0	54807.0	65023.0	89963.0	139914.0	254991.0	781381.0
Res2_Phage_G5_1	24443.0	0.0	0.0	0.0	0.0	0.0	0.0	0.0	2.0	2.0	3.0	1.0	4.0	6.0	19.0	50.0	162.0	306.0	277.0	284.0	304.0	412.0	622.0	949.0	1464.0	2345.0	3684.0	5892.0	9036.0	13730.0	21234.0	31713.0	47771.0	71882.0	126731.0	486654.0
Res2_Phage_G5_2	22998.0	0.0	0.0	0.0	2.0	16.0	25.0	30.0	65.0	49.0	208.0	779.0	1291.0	1192.0	1197.0	1423.0	2057.0	2750.0	3769.0	5011.0	6497.0	8601.0	11546.0	15036.0	19203.0	24156.0	29034.0	33139.0	34706.0	32954.0	29960.0	29629.0	37238.0	57249.0	109382.0	328790.0
Res2_Phage_G6_1	135892.0	0.0	0.0	0.0	0.0	0.0	0.0	1.0	1.0	1.0	1.0	1.0	2.0	5.0	19.0	92.0	558.0	1093.0	781.0	433.0	301.0	313.0	463.0	731.0	1152.0	1850.0	2876.0	4698.0	7549.0	11853.0	18235.0	28701.0	43798.0	65944.0	100946.0	291808.0
Res2_Phage_G6_2	126823.0	0.0	4.0	3.0	4.0	23.0	38.0	53.0	85.0	84.0	673.0	2441.0	3883.0	3393.0	2055.0	1891.0	2148.0	2656.0	3413.0	4770.0	6494.0	8544.0	11484.0	15265.0	19932.0	25569.0	31925.0	37790.0	39967.0	37003.0	31363.0	27214.0	26896.0	33396.0	56306.0	156510.0
Res2_Phage_H1_1	35312.0	0.0	0.0	0.0	0.0	0.0	2.0	0.0	1.0	6.0	7.0	7.0	5.0	19.0	31.0	106.0	403.0	768.0	640.0	553.0	695.0	891.0	1223.0	1878.0	3056.0	4515.0	7205.0	11165.0	17649.0	27222.0	42064.0	63999.0	96593.0	152304.0	282416.0	1018421.0
Res2_Phage_H1_2	33636.0	0.0	0.0	0.0	0.0	0.0	11.0	17.0	27.0	109.0	336.0	1368.0	2575.0	2379.0	2032.0	2387.0	3157.0	4421.0	5980.0	8452.0	11410.0	15741.0	21186.0	27864.0	35716.0	45855.0	56589.0	67935.0	78066.0	82704.0	81971.0	82339.0	95127.0	129345.0	219204.0	651217.0
Res2_Phage_H2_1	84887.0	0.0	0.0	0.0	0.0	0.0	0.0	0.0	0.0	0.0	0.0	1.0	12.0	67.0	186.0	329.0	973.0	1580.0	1618.0	1451.0	1562.0	1915.0	2438.0	3253.0	4649.0	6991.0	10815.0	16620.0	25974.0	40537.0	64232.0	102729.0	167061.0	282428.0	516528.0	2051397.0
Res2_Phage_H2_2	78512.0	0.0	5.0	14.0	33.0	151.0	275.0	342.0	685.0	253.0	1209.0	5653.0	11665.0	12124.0	9900.0	9390.0	9513.0	10743.0	12588.0	15570.0	19722.0	25574.0	32771.0	42429.0	54078.0	68995.0	85601.0	102807.0	114995.0	118801.0	120466.0	130863.0	164784.0	247057.0	468707.0	1413958.0
Res2_Phage_H3_1	325264.0	0.0	0.0	0.0	0.0	0.0	1.0	1.0	1.0	4.0	4.0	4.0	27.0	158.0	438.0	1042.0	2958.0	4310.0	3858.0	2938.0	2644.0	2581.0	3033.0	3855.0	5300.0	7689.0	11812.0	17898.0	26723.0	40017.0	58911.0	87748.0	130104.0	200578.0	365152.0	1195430.0
Res2_Phage_H3_2	314666.0	0.0	0.0	0.0	0.0	1.0	2.0	9.0	20.0	169.0	1426.0	4085.0	6254.0	6540.0	6797.0	8875.0	11162.0	13291.0	16255.0	20095.0	24761.0	31121.0	37866.0	46386.0	56212.0	66129.0	76280.0	85688.0	93232.0	100030.0	111322.0	132634.0	164518.0	183143.0	209838.0	671676.0
Res2_Phage_H4_1	74485.0	0.0	0.0	0.0	0.0	0.0	0.0	0.0	0.0	0.0	0.0	0.0	0.0	8.0	18.0	54.0	346.0	766.0	607.0	342.0	215.0	252.0	360.0	506.0	778.0	1188.0	1877.0	2941.0	4519.0	7364.0	11634.0	18515.0	30173.0	52985.0	104492.0	399835.0
Res2_Phage_H4_2	70259.0	0.0	0.0	0.0	0.0	0.0	0.0	0.0	0.0	19.0	365.0	1351.0	2168.0	2268.0	1950.0	2020.0	2462.0	2878.0	3685.0	4654.0	5683.0	6987.0	8432.0	10182.0	12141.0	14157.0	16780.0	19729.0	23438.0	27585.0	32632.0	38068.0	44714.0	53198.0	68103.0	238352.0
Res2_Phage_H5_1	261586.0	0.0	0.0	0.0	0.0	0.0	0.0	0.0	0.0	3.0	1.0	3.0	9.0	61.0	192.0	338.0	1100.0	1885.0	1461.0	729.0	352.0	273.0	293.0	360.0	524.0	806.0	1290.0	1949.0	3002.0	4528.0	6712.0	9466.0	12946.0	18245.0	31643.0	107446.0
Res2_Phage_H5_2	248339.0	0.0	0.0	0.0	1.0	1.0	3.0	2.0	7.0	130.0	1359.0	4349.0	5469.0	4096.0	2391.0	1533.0	1460.0	1507.0	1864.0	2370.0	3016.0	3559.0	4341.0	5311.0	6204.0	6807.0	7797.0	8106.0	8717.0	8774.0	8850.0	10169.0	12615.0	15997.0	21582.0	60477.0
Res2_Phage_H6_1	62157.0	0.0	0.0	0.0	0.0	0.0	0.0	0.0	0.0	0.0	0.0	0.0	1.0	7.0	24.0	55.0	428.0	1012.0	841.0	494.0	352.0	343.0	445.0	620.0	850.0	1354.0	2149.0	3469.0	5525.0	9067.0	14759.0	24697.0	43280.0	81049.0	179299.0	863278.0
Res2_Phage_H6_2	59553.0	0.0	0.0	0.0	0.0	0.0	0.0	0.0	0.0	23.0	410.0	1606.0	2483.0	2127.0	1566.0	1546.0	1816.0	2249.0	2909.0	3813.0	4962.0	6367.0	8272.0	10537.0	13036.0	16400.0	20485.0	24981.0	31029.0	37747.0	45596.0	54824.0	68841.0	91468.0	160709.0	620200.0
Res2_Phage_I1_1	40054.0	0.0	0.0	0.0	0.0	0.0	0.0	0.0	2.0	2.0	6.0	6.0	4.0	17.0	65.0	159.0	317.0	555.0	671.0	734.0	812.0	999.0	1335.0	1813.0	2703.0	4200.0	6401.0	9939.0	15659.0	24655.0	39070.0	61840.0	98780.0	166197.0	325426.0	1492824.0
Res2_Phage_I1_2	38938.0	0.0	1.0	0.0	1.0	8.0	21.0	36.0	85.0	77.0	260.0	878.0	1692.0	1890.0	1841.0	2370.0	3118.0	4183.0	5716.0	7871.0	10351.0	13722.0	18181.0	23582.0	29867.0	37199.0	45776.0	55054.0	65175.0	74944.0	83691.0	96426.0	124569.0	179430.0	305674.0	1062618.0
Res2_Phage_I2_1	22311.0	0.0	0.0	0.0	0.0	0.0	0.0	0.0	0.0	0.0	0.0	0.0	0.0	8.0	31.0	76.0	137.0	191.0	312.0	391.0	501.0	552.0	800.0	1070.0	1573.0	2213.0	3351.0	5265.0	8363.0	13367.0	21676.0	36201.0	62906.0	115404.0	242527.0	1211685.0
Res2_Phage_I2_2	21324.0	0.0	0.0	0.0	1.0	29.0	61.0	39.0	116.0	35.0	130.0	603.0	1419.0	1791.0	1537.0	1662.0	2057.0	2635.0	3429.0	4573.0	6092.0	8188.0	10729.0	14119.0	18409.0	23865.0	30349.0	37603.0	45978.0	55730.0	67647.0	84034.0	110450.0	153555.0	243831.0	798891.0
Res2_Phage_I3_1	1644.0	0.0	0.0	0.0	0.0	0.0	1.0	0.0	1.0	1.0	2.0	2.0	5.0	4.0	7.0	19.0	59.0	102.0	175.0	216.0	246.0	312.0	371.0	571.0	768.0	1152.0	1948.0	3120.0	5092.0	8375.0	13890.0	23297.0	40466.0	72275.0	139312.0	572591.0
Res2_Phage_I3_2	1515.0	0.0	0.0	1.0	1.0	45.0	70.0	77.0	173.0	66.0	84.0	275.0	731.0	859.0	784.0	824.0	913.0	1049.0	1403.0	1772.0	2380.0	3423.0	4797.0	6762.0	9673.0	13085.0	18287.0	24567.0	31671.0	38028.0	41594.0	45100.0	53821.0	72505.0	123867.0	385822.0
Res2_Phage_I4_1	2162.0	0.0	0.0	0.0	0.0	0.0	0.0	1.0	3.0	6.0	5.0	4.0	4.0	9.0	15.0	37.0	104.0	187.0	283.0	424.0	555.0	826.0	1251.0	2024.0	3017.0	4705.0	7314.0	11101.0	16945.0	25624.0	38696.0	57853.0	85409.0	126372.0	204298.0	708393.0
Res2_Phage_I4_2	2047.0	0.0	0.0	2.0	5.0	50.0	67.0	99.0	160.0	91.0	156.0	402.0	886.0	1182.0	1525.0	2162.0	3120.0	4660.0	6477.0	9025.0	11994.0	16344.0	21356.0	27862.0	35271.0	43237.0	51656.0	60023.0	64996.0	64649.0	61867.0	63820.0	79728.0	111439.0	176201.0	375068.0
Res2_Phage_I5_1	103385.0	0.0	0.0	0.0	0.0	0.0	0.0	0.0	0.0	0.0	0.0	1.0	3.0	10.0	28.0	112.0	1034.0	2409.0	2024.0	1081.0	687.0	646.0	720.0	948.0	1322.0	2018.0	3130.0	5171.0	8376.0	13867.0	23239.0	39376.0	69900.0	130549.0	274501.0	1331082.0
Res2_Phage_I5_2	97647.0	0.0	2.0	3.0	5.0	40.0	84.0	93.0	188.0	120.0	894.0	3132.0	5302.0	4744.0	3038.0	2420.0	2393.0	2499.0	3054.0	3804.0	5235.0	7015.0	9498.0	12638.0	16777.0	21984.0	29470.0	38251.0	48885.0	61288.0	73936.0	88703.0	110668.0	150347.0	251358.0	960104.0
Res2_Phage_I6_1	8818.0	0.0	0.0	0.0	0.0	0.0	0.0	1.0	0.0	2.0	5.0	1.0	7.0	16.0	32.0	63.0	202.0	288.0	336.0	362.0	459.0	627.0	804.0	1206.0	1802.0	2733.0	4235.0	6677.0	10805.0	16788.0	26493.0	41967.0	67534.0	114233.0	232008.0	1229441.0
Res2_Phage_I6_2	8321.0	0.0	0.0	0.0	0.0	1.0	5.0	8.0	16.0	50.0	190.0	778.0	1578.0	1576.0	1280.0	1349.0	1766.0	2362.0	3136.0	4328.0	5949.0	8051.0	10859.0	14344.0	19208.0	24703.0	32087.0	40739.0	50324.0	60457.0	70174.0	82946.0	112295.0	162788.0	245459.0	800818.0
Res2_Phage_J1_1	199207.0	0.0	0.0	0.0	0.0	0.0	2.0	4.0	18.0	23.0	20.0	25.0	25.0	38.0	172.0	908.0	2911.0	2271.0	1275.0	951.0	1237.0	1838.0	2871.0	4657.0	7401.0	11906.0	18072.0	27851.0	41724.0	63139.0	92968.0	132255.0	182636.0	239051.0	345418.0	1043724.0
Res2_Phage_J1_2	191796.0	0.0	0.0	1.0	2.0	5.0	21.0	46.0	142.0	215.0	774.0	2436.0	4055.0	3793.0	3993.0	6229.0	7509.0	8694.0	11545.0	15549.0	20259.0	26749.0	35030.0	45388.0	58552.0	74090.0	92580.0	112184.0	127205.0	128510.0	107335.0	88676.0	105697.0	161244.0	271053.0	713241.0
Res2_Phage_J2_1	68605.0	0.0	0.0	0.0	0.0	0.0	0.0	0.0	0.0	0.0	0.0	2.0	3.0	17.0	45.0	129.0	772.0	1858.0	1601.0	1015.0	780.0	744.0	886.0	1073.0	1592.0	2356.0	3867.0	6510.0	11096.0	18408.0	31893.0	54466.0	96956.0	182363.0	388520.0	1925365.0
Res2_Phage_J2_2	63997.0	0.0	1.0	4.0	8.0	91.0	180.0	212.0	459.0	152.0	665.0	3009.0	6008.0	5784.0	3863.0	3268.0	2979.0	3035.0	3233.0	3927.0	5055.0	6604.0	9082.0	12317.0	16538.0	22420.0	29524.0	39212.0	51275.0	62418.0	75414.0	93108.0	123044.0	192719.0	401198.0	1560119.0
Res2_Phage_J4_1	30113.0	0.0	0.0	0.0	0.0	0.0	0.0	0.0	0.0	0.0	0.0	0.0	0.0	5.0	40.0	68.0	224.0	534.0	574.0	570.0	674.0	828.0	1060.0	1488.0	2288.0	3626.0	5646.0	9110.0	14275.0	23135.0	37066.0	60380.0	101327.0	173350.0	328669.0	1399461.0
Res2_Phage_J4_2	28506.0	0.0	0.0	0.0	5.0	49.0	122.0	110.0	244.0	80.0	265.0	1291.0	2925.0	3024.0	2653.0	2739.0	3321.0	4420.0	5860.0	7525.0	10137.0	13945.0	17981.0	23379.0	30094.0	37988.0	48895.0	60417.0	71370.0	80724.0	88194.0	103549.0	132641.0	178972.0	296442.0	936644.0
Res2_Phage_J5_1	33358.0	0.0	0.0	0.0	0.0	0.0	0.0	0.0	0.0	0.0	0.0	0.0	2.0	4.0	23.0	33.0	114.0	229.0	257.0	222.0	192.0	222.0	254.0	351.0	549.0	857.0	1383.0	2216.0	3660.0	5969.0	9916.0	16417.0	28213.0	50125.0	103801.0	410479.0
Res2_Phage_J5_2	31834.0	0.0	0.0	0.0	0.0	0.0	0.0	0.0	0.0	11.0	161.0	710.0	1145.0	1145.0	817.0	726.0	871.0	1039.0	1399.0	1853.0	2522.0	3333.0	4414.0	6077.0	7760.0	9932.0	13252.0	16756.0	21658.0	27193.0	33062.0	37738.0	42597.0	51571.0	81397.0	267873.0
Res2_Phage_J6_1	22150.0	0.0	0.0	0.0	0.0	0.0	1.0	2.0	4.0	5.0	5.0	8.0	4.0	22.0	28.0	80.0	277.0	545.0	530.0	463.0	569.0	781.0	1129.0	1745.0	2663.0	4432.0	7104.0	11352.0	18235.0	28484.0	45942.0	71789.0	111277.0	171415.0	262582.0	806085.0
Res2_Phage_J6_2	20721.0	0.0	1.0	5.0	4.0	52.0	132.0	156.0	259.0	149.0	342.0	1362.0	2951.0	3043.0	2390.0	2533.0	3031.0	3844.0	4981.0	6804.0	9311.0	12785.0	17584.0	24124.0	32539.0	44018.0	57108.0	73825.0	88822.0	97041.0	90728.0	81753.0	82987.0	103744.0	176666.0	523913.0
