	25.0	26.0	27.0	28.0	29.0	30.0	31.0	32.0	33.0	34.0	35.0	36.0	37.0
trimmed_Res2_DNA_A1_1_paired	6.0	72.0	1084.0	7821.0	38306.0	137892.0	392024.0	935432.0	1952361.0	3690138.0	6396269.0	10460391.0	10513236.0
	24.0	25.0	26.0	27.0	28.0	29.0	30.0	31.0	32.0	33.0	34.0	35.0	36.0	37.0
trimmed_Res2_DNA_A1_2_paired	1.0	30.0	515.0	4645.0	25536.0	98134.0	285366.0	675477.0	1366467.0	2497520.0	4283807.0	6864264.0	9778585.0	8644685.0
	25.0	26.0	27.0	28.0	29.0	30.0	31.0	32.0	33.0	34.0	35.0	36.0	37.0
trimmed_Res2_DNA_A2_1_paired	2.0	76.0	1136.0	7553.0	37720.0	135677.0	386880.0	920204.0	1917273.0	3639583.0	6457729.0	11180552.0	12014771.0
	25.0	26.0	27.0	28.0	29.0	30.0	31.0	32.0	33.0	34.0	35.0	36.0	37.0
trimmed_Res2_DNA_A2_2_paired	46.0	600.0	5175.0	27753.0	107266.0	305493.0	715142.0	1432612.0	2594386.0	4429464.0	7190236.0	10570230.0	9320753.0
	25.0	26.0	27.0	28.0	29.0	30.0	31.0	32.0	33.0	34.0	35.0	36.0	37.0	38.0	39.0
trimmed_Res2_DNA_A3_1_paired	5.0	100.0	1312.0	9201.0	44718.0	159998.0	445299.0	1042148.0	2129693.0	3968625.0	6899583.0	11592782.0	11839925.0	501145.0	1830577.0
	25.0	26.0	27.0	28.0	29.0	30.0	31.0	32.0	33.0	34.0	35.0	36.0	37.0	38.0	39.0
trimmed_Res2_DNA_A3_2_paired	42.0	550.0	4516.0	24893.0	94318.0	274791.0	660841.0	1360795.0	2538589.0	4470313.0	7479151.0	11294933.0	10251026.0	790018.0	1220335.0
	25.0	26.0	27.0	28.0	29.0	30.0	31.0	32.0	33.0	34.0	35.0	36.0	37.0
trimmed_Res2_DNA_A4_1_paired	5.0	85.0	1187.0	9133.0	43324.0	152803.0	428917.0	1000401.0	2045529.0	3790269.0	6534254.0	10710178.0	10587292.0
	25.0	26.0	27.0	28.0	29.0	30.0	31.0	32.0	33.0	34.0	35.0	36.0	37.0
trimmed_Res2_DNA_A4_2_paired	39.0	467.0	4388.0	23454.0	91109.0	266688.0	639324.0	1310174.0	2426724.0	4221914.0	6905238.0	10156832.0	9257026.0
	25.0	26.0	27.0	28.0	29.0	30.0	31.0	32.0	33.0	34.0	35.0	36.0	37.0
trimmed_Res2_DNA_A5_1_paired	2.0	115.0	1122.0	8757.0	42481.0	150978.0	427226.0	1019580.0	2119655.0	3981996.0	6883381.0	11159653.0	10515799.0
	25.0	26.0	27.0	28.0	29.0	30.0	31.0	32.0	33.0	34.0	35.0	36.0	37.0
trimmed_Res2_DNA_A5_2_paired	35.0	495.0	4595.0	25095.0	98480.0	286083.0	681006.0	1389521.0	2559155.0	4417720.0	7192621.0	10440152.0	9215787.0
	25.0	26.0	27.0	28.0	29.0	30.0	31.0	32.0	33.0	34.0	35.0	36.0	37.0
trimmed_Res2_DNA_A6_1_paired	4.0	137.0	1205.0	8704.0	41571.0	150744.0	424665.0	1005880.0	2084101.0	3898028.0	6752724.0	11110678.0	11233014.0
	24.0	25.0	26.0	27.0	28.0	29.0	30.0	31.0	32.0	33.0	34.0	35.0	36.0	37.0
trimmed_Res2_DNA_A6_2_paired	1.0	28.0	497.0	4598.0	25611.0	97784.0	287161.0	677511.0	1382266.0	2545550.0	4409418.0	7197448.0	10557212.0	9526370.0
	25.0	26.0	27.0	28.0	29.0	30.0	31.0	32.0	33.0	34.0	35.0	36.0	37.0
trimmed_Res2_DNA_B1_1_paired	4.0	117.0	1267.0	9043.0	42446.0	147801.0	412436.0	958990.0	1973200.0	3696085.0	6491563.0	11088470.0	12287705.0
	25.0	26.0	27.0	28.0	29.0	30.0	31.0	32.0	33.0	34.0	35.0	36.0	37.0
trimmed_Res2_DNA_B1_2_paired	40.0	522.0	4506.0	24038.0	92073.0	270394.0	639794.0	1309131.0	2418244.0	4221545.0	7034877.0	10722577.0	10371386.0
	25.0	26.0	27.0	28.0	29.0	30.0	31.0	32.0	33.0	34.0	35.0	36.0	37.0
trimmed_Res2_DNA_B2_1_paired	5.0	108.0	1228.0	8812.0	42635.0	149510.0	414727.0	964584.0	1966319.0	3651897.0	6373707.0	10927716.0	11649261.0
	24.0	25.0	26.0	27.0	28.0	29.0	30.0	31.0	32.0	33.0	34.0	35.0	36.0	37.0
trimmed_Res2_DNA_B2_2_paired	2.0	43.0	491.0	4870.0	25609.0	97651.0	281166.0	662600.0	1332696.0	2424314.0	4172219.0	6879683.0	10480789.0	9788376.0
	25.0	26.0	27.0	28.0	29.0	30.0	31.0	32.0	33.0	34.0	35.0	36.0	37.0
trimmed_Res2_DNA_B3_1_paired	17.0	112.0	1355.0	9140.0	43113.0	149896.0	411322.0	940187.0	1887747.0	3489409.0	6197120.0	11378355.0	14365770.0
	25.0	26.0	27.0	28.0	29.0	30.0	31.0	32.0	33.0	34.0	35.0	36.0	37.0
trimmed_Res2_DNA_B3_2_paired	35.0	533.0	4195.0	23084.0	87913.0	256805.0	609783.0	1243439.0	2298405.0	4046841.0	6924619.0	11404185.0	11973706.0
	25.0	26.0	27.0	28.0	29.0	30.0	31.0	32.0	33.0	34.0	35.0	36.0	37.0	38.0	39.0
trimmed_Res2_DNA_B4_1_paired	3.0	100.0	1073.0	7889.0	37883.0	135971.0	386595.0	922108.0	1926243.0	3611781.0	6136808.0	9563838.0	8702190.0	436980.0	1297623.0
	24.0	25.0	26.0	27.0	28.0	29.0	30.0	31.0	32.0	33.0	34.0	35.0	36.0	37.0	38.0	39.0
trimmed_Res2_DNA_B4_2_paired	1.0	36.0	570.0	4846.0	26194.0	98343.0	281604.0	658147.0	1320846.0	2388653.0	4044395.0	6373811.0	8873803.0	7779946.0	631624.0	684266.0
	25.0	26.0	27.0	28.0	29.0	30.0	31.0	32.0	33.0	34.0	35.0	36.0	37.0
trimmed_Res2_DNA_B5_1_paired	5.0	101.0	1094.0	8277.0	39178.0	142688.0	407087.0	969753.0	2023682.0	3804000.0	6574711.0	10593039.0	9918123.0
	24.0	25.0	26.0	27.0	28.0	29.0	30.0	31.0	32.0	33.0	34.0	35.0	36.0	37.0
trimmed_Res2_DNA_B5_2_paired	1.0	60.0	583.0	5161.0	27925.0	106373.0	306816.0	722238.0	1453669.0	2630272.0	4465934.0	7075646.0	9820038.0	7867022.0
	25.0	26.0	27.0	28.0	29.0	30.0	31.0	32.0	33.0	34.0	35.0	36.0	37.0
trimmed_Res2_DNA_B6_1_paired	6.0	73.0	1032.0	7343.0	35307.0	128247.0	364860.0	870508.0	1830192.0	3481284.0	6180789.0	10678723.0	12566864.0
	25.0	26.0	27.0	28.0	29.0	30.0	31.0	32.0	33.0	34.0	35.0	36.0	37.0
trimmed_Res2_DNA_B6_2_paired	32.0	590.0	5268.0	28710.0	108983.0	312144.0	718974.0	1431199.0	2559692.0	4323553.0	6920287.0	10131992.0	9603804.0
	25.0	26.0	27.0	28.0	29.0	30.0	31.0	32.0	33.0	34.0	35.0	36.0	37.0
trimmed_Res2_DNA_C1_1_paired	8.0	82.0	952.0	6723.0	32475.0	117832.0	337529.0	814256.0	1727281.0	3305245.0	5834875.0	9835245.0	9567240.0
	24.0	25.0	26.0	27.0	28.0	29.0	30.0	31.0	32.0	33.0	34.0	35.0	36.0	37.0
trimmed_Res2_DNA_C1_2_paired	1.0	26.0	554.0	4894.0	26570.0	101246.0	285481.0	662914.0	1314517.0	2359815.0	3952981.0	6198319.0	8808229.0	7864196.0
	25.0	26.0	27.0	28.0	29.0	30.0	31.0	32.0	33.0	34.0	35.0	36.0	37.0	38.0	39.0
trimmed_Res2_DNA_C2_1_paired	4.0	98.0	858.0	5471.0	26262.0	93926.0	274388.0	676950.0	1474875.0	2907928.0	5268464.0	9075652.0	8974083.0	1533690.0	4695658.0
	24.0	25.0	26.0	27.0	28.0	29.0	30.0	31.0	32.0	33.0	34.0	35.0	36.0	37.0	38.0	39.0
trimmed_Res2_DNA_C2_2_paired	3.0	55.0	920.0	7349.0	36367.0	130703.0	351599.0	774380.0	1471906.0	2529331.0	4051245.0	6070711.0	8140827.0	7035290.0	2376028.0	2031593.0
	25.0	26.0	27.0	28.0	29.0	30.0	31.0	32.0	33.0	34.0	35.0	36.0	37.0
trimmed_Res2_DNA_C3_1_paired	3.0	40.0	495.0	3852.0	19819.0	73020.0	214236.0	525336.0	1116571.0	2169499.0	3950348.0	7171446.0	8460103.0
	25.0	26.0	27.0	28.0	29.0	30.0	31.0	32.0	33.0	34.0	35.0	36.0	37.0
trimmed_Res2_DNA_C3_2_paired	12.0	270.0	2555.0	14261.0	56857.0	170026.0	407623.0	840302.0	1562086.0	2711833.0	4439007.0	6701375.0	6798561.0
	24.0	25.0	26.0	27.0	28.0	29.0	30.0	31.0	32.0	33.0	34.0	35.0	36.0	37.0	38.0	39.0
trimmed_Res2_DNA_C4_1_paired	1.0	1.0	90.0	1085.0	7041.0	34252.0	121391.0	339999.0	808977.0	1683737.0	3171577.0	5548389.0	9370022.0	9315944.0	825958.0	2740489.0
	25.0	26.0	27.0	28.0	29.0	30.0	31.0	32.0	33.0	34.0	35.0	36.0	37.0	38.0	39.0
trimmed_Res2_DNA_C4_2_paired	33.0	523.0	4556.0	23946.0	88703.0	255401.0	594220.0	1197844.0	2171818.0	3696010.0	5883858.0	8566378.0	8597833.0	1272433.0	1615397.0
	25.0	26.0	27.0	28.0	29.0	30.0	31.0	32.0	33.0	34.0	35.0	36.0	37.0
trimmed_Res2_DNA_C5_1_paired	11.0	99.0	1048.0	7116.0	35252.0	126023.0	353061.0	828535.0	1705450.0	3207125.0	5736670.0	10479497.0	12321483.0
	25.0	26.0	27.0	28.0	29.0	30.0	31.0	32.0	33.0	34.0	35.0	36.0	37.0
trimmed_Res2_DNA_C5_2_paired	29.0	457.0	4033.0	22397.0	85157.0	246922.0	577705.0	1163572.0	2120680.0	3660491.0	6087247.0	9745069.0	11087611.0
	25.0	26.0	27.0	28.0	29.0	30.0	31.0	32.0	33.0	34.0	35.0	36.0	37.0	38.0	39.0
trimmed_Res2_DNA_C6_1_paired	4.0	90.0	892.0	6359.0	29828.0	107871.0	310853.0	752937.0	1600350.0	3080016.0	5450412.0	9145404.0	8683914.0	1236409.0	3760595.0
	25.0	26.0	27.0	28.0	29.0	30.0	31.0	32.0	33.0	34.0	35.0	36.0	37.0	38.0	39.0
trimmed_Res2_DNA_C6_2_paired	58.0	779.0	5968.0	31024.0	111407.0	307812.0	692973.0	1339535.0	2356600.0	3866871.0	5956025.0	8255236.0	7492978.0	1858142.0	1890526.0
	25.0	26.0	27.0	28.0	29.0	30.0	31.0	32.0	33.0	34.0	35.0	36.0	37.0
trimmed_Res2_DNA_D1_1_paired	2.0	80.0	839.0	5732.0	28802.0	106866.0	316412.0	781806.0	1702407.0	3336079.0	5992106.0	10179359.0	9544194.0
	25.0	26.0	27.0	28.0	29.0	30.0	31.0	32.0	33.0	34.0	35.0	36.0	37.0
trimmed_Res2_DNA_D1_2_paired	23.0	526.0	4438.0	23878.0	93242.0	272649.0	649885.0	1327655.0	2435572.0	4189730.0	6616532.0	9032195.0	7348359.0
	25.0	26.0	27.0	28.0	29.0	30.0	31.0	32.0	33.0	34.0	35.0	36.0	37.0
trimmed_Res2_DNA_D2_1_paired	9.0	78.0	884.0	6727.0	34735.0	126286.0	368056.0	898663.0	1910887.0	3681221.0	6611055.0	11576722.0	11377162.0
	25.0	26.0	27.0	28.0	29.0	30.0	31.0	32.0	33.0	34.0	35.0	36.0	37.0
trimmed_Res2_DNA_D2_2_paired	21.0	457.0	4063.0	23118.0	90620.0	269462.0	651156.0	1347529.0	2527823.0	4430107.0	7254079.0	10535396.0	9458654.0
	25.0	26.0	27.0	28.0	29.0	30.0	31.0	32.0	33.0	34.0	35.0	36.0	37.0	38.0	39.0
trimmed_Res2_DNA_D3_1_paired	10.0	84.0	707.0	5026.0	24774.0	92448.0	275463.0	697046.0	1539306.0	3043462.0	5389301.0	8564944.0	7210925.0	2208217.0	6513236.0
	24.0	25.0	26.0	27.0	28.0	29.0	30.0	31.0	32.0	33.0	34.0	35.0	36.0	37.0	38.0	39.0
trimmed_Res2_DNA_D3_2_paired	1.0	66.0	835.0	6850.0	34941.0	125024.0	344626.0	774292.0	1495905.0	2604291.0	4199877.0	6133046.0	7599145.0	5907315.0	3360746.0	2977989.0
	25.0	26.0	27.0	28.0	29.0	30.0	31.0	32.0	33.0	34.0	35.0	36.0	37.0	38.0	39.0
trimmed_Res2_DNA_D4_1_paired	4.0	104.0	918.0	6332.0	30639.0	110805.0	324319.0	796978.0	1721503.0	3305915.0	5717487.0	8952820.0	7640065.0	2555082.0	7742248.0
	24.0	25.0	26.0	27.0	28.0	29.0	30.0	31.0	32.0	33.0	34.0	35.0	36.0	37.0	38.0	39.0
trimmed_Res2_DNA_D4_2_paired	4.0	62.0	825.0	6366.0	32881.0	117382.0	324847.0	737346.0	1437363.0	2533371.0	4154164.0	6255629.0	8331239.0	7587816.0	3947097.0	3438827.0
	25.0	26.0	27.0	28.0	29.0	30.0	31.0	32.0	33.0	34.0	35.0	36.0	37.0
trimmed_Res2_DNA_D5_1_paired	2.0	74.0	775.0	5740.0	28575.0	107560.0	320907.0	806285.0	1756907.0	3423027.0	6100232.0	10082152.0	8671575.0
	25.0	26.0	27.0	28.0	29.0	30.0	31.0	32.0	33.0	34.0	35.0	36.0	37.0
trimmed_Res2_DNA_D5_2_paired	25.0	503.0	4426.0	24270.0	94367.0	279492.0	666220.0	1364718.0	2519974.0	4299861.0	6670227.0	8773074.0	6606654.0
	25.0	26.0	27.0	28.0	29.0	30.0	31.0	32.0	33.0	34.0	35.0	36.0	37.0	38.0	39.0
trimmed_Res2_DNA_D6_1_paired	8.0	51.0	785.0	5467.0	27546.0	101881.0	301198.0	745788.0	1624147.0	3170963.0	5663144.0	9492083.0	9431522.0	672415.0	2290417.0
	24.0	25.0	26.0	27.0	28.0	29.0	30.0	31.0	32.0	33.0	34.0	35.0	36.0	37.0	38.0	39.0
trimmed_Res2_DNA_D6_2_paired	2.0	36.0	580.0	4919.0	25987.0	98732.0	286365.0	667317.0	1342632.0	2425182.0	4077422.0	6280223.0	8453659.0	7492558.0	1100695.0	1271106.0
	25.0	26.0	27.0	28.0	29.0	30.0	31.0	32.0	33.0	34.0	35.0	36.0	37.0
trimmed_Res2_DNA_E1_1_paired	6.0	60.0	926.0	7024.0	35996.0	131683.0	382817.0	929797.0	1977567.0	3826128.0	6937810.0	12353279.0	11165892.0
	25.0	26.0	27.0	28.0	29.0	30.0	31.0	32.0	33.0	34.0	35.0	36.0	37.0
trimmed_Res2_DNA_E1_2_paired	20.0	456.0	4087.0	22931.0	89889.0	265606.0	638369.0	1316771.0	2470864.0	4364466.0	7309598.0	11079117.0	10186811.0
	25.0	26.0	27.0	28.0	29.0	30.0	31.0	32.0	33.0	34.0	35.0	36.0	37.0	38.0	39.0
trimmed_Res2_DNA_E2_1_paired	3.0	55.0	640.0	5081.0	25452.0	98471.0	302780.0	781494.0	1766801.0	3496396.0	6046181.0	8969871.0	6334559.0	1696948.0	4840325.0
	25.0	26.0	27.0	28.0	29.0	30.0	31.0	32.0	33.0	34.0	35.0	36.0	37.0	38.0	39.0
trimmed_Res2_DNA_E2_2_paired	38.0	757.0	6443.0	33905.0	123183.0	345920.0	782980.0	1528020.0	2694016.0	4366557.0	6316213.0	7616796.0	5800205.0	2424241.0	2325783.0
	25.0	26.0	27.0	28.0	29.0	30.0	31.0	32.0	33.0	34.0	35.0	36.0	37.0
trimmed_Res2_DNA_E3_1_paired	3.0	60.0	1009.0	7106.0	36572.0	136941.0	404747.0	1005114.0	2170181.0	4173464.0	7250512.0	11288560.0	7980794.0
	25.0	26.0	27.0	28.0	29.0	30.0	31.0	32.0	33.0	34.0	35.0	36.0	37.0
trimmed_Res2_DNA_E3_2_paired	19.0	409.0	3710.0	21526.0	85234.0	260609.0	641254.0	1349608.0	2562088.0	4537888.0	7313712.0	9951461.0	7727545.0
	25.0	26.0	27.0	28.0	29.0	30.0	31.0	32.0	33.0	34.0	35.0	36.0	37.0
trimmed_Res2_DNA_E4_1_paired	4.0	78.0	906.0	7097.0	35752.0	132113.0	393952.0	980809.0	2117826.0	4060856.0	6919456.0	10392219.0	6974883.0
	24.0	25.0	26.0	27.0	28.0	29.0	30.0	31.0	32.0	33.0	34.0	35.0	36.0	37.0
trimmed_Res2_DNA_E4_2_paired	2.0	24.0	363.0	3994.0	22556.0	89111.0	266834.0	644584.0	1342421.0	2519463.0	4364867.0	6847975.0	9025444.0	6888313.0
	25.0	26.0	27.0	28.0	29.0	30.0	31.0	32.0	33.0	34.0	35.0	36.0	37.0	38.0	39.0
trimmed_Res2_DNA_E5_1_paired	3.0	87.0	958.0	6999.0	35193.0	130491.0	380971.0	943210.0	2028704.0	3910190.0	6770609.0	10625315.0	7907473.0	805970.0	2744670.0
	25.0	26.0	27.0	28.0	29.0	30.0	31.0	32.0	33.0	34.0	35.0	36.0	37.0	38.0	39.0
trimmed_Res2_DNA_E5_2_paired	41.0	523.0	4406.0	24117.0	92548.0	271566.0	643754.0	1316760.0	2438929.0	4209081.0	6731826.0	9404235.0	8323510.0	1254215.0	1575332.0
	25.0	26.0	27.0	28.0	29.0	30.0	31.0	32.0	33.0	34.0	35.0	36.0	37.0
trimmed_Res2_DNA_E6_1_paired	3.0	50.0	831.0	6705.0	33594.0	127385.0	386756.0	974936.0	2132094.0	4128422.0	7082226.0	10711439.0	7317794.0
	24.0	25.0	26.0	27.0	28.0	29.0	30.0	31.0	32.0	33.0	34.0	35.0	36.0	37.0
trimmed_Res2_DNA_E6_2_paired	1.0	28.0	421.0	3691.0	21051.0	84897.0	258918.0	641110.0	1354296.0	2571911.0	4516098.0	7153612.0	9365460.0	6930741.0
	25.0	26.0	27.0	28.0	29.0	30.0	31.0	32.0	33.0	34.0	35.0	36.0	37.0	38.0	39.0
trimmed_Res2_DNA_F1_1_paired	6.0	74.0	844.0	6292.0	31991.0	118675.0	354113.0	884861.0	1935669.0	3766909.0	6547949.0	10177194.0	7664804.0	501692.0	1700697.0
	24.0	25.0	26.0	27.0	28.0	29.0	30.0	31.0	32.0	33.0	34.0	35.0	36.0	37.0	38.0	39.0
trimmed_Res2_DNA_F1_2_paired	2.0	41.0	497.0	4309.0	23503.0	91585.0	273192.0	652757.0	1342445.0	2497832.0	4299554.0	6691216.0	8850247.0	7193430.0	798165.0	972995.0
	25.0	26.0	27.0	28.0	29.0	30.0	31.0	32.0	33.0	34.0	35.0	36.0	37.0	38.0	39.0
trimmed_Res2_DNA_F2_1_paired	7.0	74.0	926.0	6748.0	33272.0	124320.0	368570.0	916742.0	1996587.0	3844540.0	6590758.0	10074249.0	7439630.0	1008579.0	3256375.0
	25.0	26.0	27.0	28.0	29.0	30.0	31.0	32.0	33.0	34.0	35.0	36.0	37.0	38.0	39.0
trimmed_Res2_DNA_F2_2_paired	33.0	555.0	4516.0	25209.0	95832.0	279088.0	664063.0	1360232.0	2518210.0	4306144.0	6718706.0	8936554.0	7324317.0	1512158.0	1915760.0
	25.0	26.0	27.0	28.0	29.0	30.0	31.0	32.0	33.0	34.0	35.0	36.0	37.0	38.0	39.0
trimmed_Res2_DNA_F3_1_paired	6.0	99.0	1074.0	7942.0	38436.0	137865.0	391340.0	933919.0	1952864.0	3756828.0	6880754.0	12807973.0	12926170.0	1185689.0	4353872.0
	25.0	26.0	27.0	28.0	29.0	30.0	31.0	32.0	33.0	34.0	35.0	36.0	37.0	38.0	39.0
trimmed_Res2_DNA_F3_2_paired	43.0	624.0	5403.0	28555.0	105899.0	302196.0	700126.0	1404803.0	2557703.0	4443053.0	7492807.0	11916862.0	11844576.0	2066084.0	2506097.0
	25.0	26.0	27.0	28.0	29.0	30.0	31.0	32.0	33.0	34.0	35.0	36.0	37.0	38.0	39.0
trimmed_Res2_DNA_F4_1_paired	1.0	76.0	881.0	6828.0	34443.0	128167.0	381918.0	957873.0	2082981.0	4022460.0	6896155.0	10389940.0	7018689.0	745300.0	2487036.0
	25.0	26.0	27.0	28.0	29.0	30.0	31.0	32.0	33.0	34.0	35.0	36.0	37.0	38.0	39.0
trimmed_Res2_DNA_F4_2_paired	37.0	516.0	4659.0	25856.0	100721.0	292778.0	698680.0	1424420.0	2630147.0	4496976.0	6963879.0	9054710.0	6915985.0	1173456.0	1369928.0
	26.0	27.0	28.0	29.0	30.0	31.0	32.0	33.0	34.0	35.0	36.0	37.0	38.0	39.0
trimmed_Res2_DNA_F5_1_paired	91.0	882.0	6122.0	30057.0	111714.0	334314.0	847604.0	1869775.0	3630627.0	6123162.0	8889307.0	6339603.0	2792519.0	7514072.0
	24.0	25.0	26.0	27.0	28.0	29.0	30.0	31.0	32.0	33.0	34.0	35.0	36.0	37.0	38.0	39.0
trimmed_Res2_DNA_F5_2_paired	2.0	57.0	961.0	7405.0	37121.0	133288.0	364698.0	821037.0	1587870.0	2786002.0	4490766.0	6500383.0	7916895.0	6388176.0	3881027.0	3574161.0
	24.0	25.0	26.0	27.0	28.0	29.0	30.0	31.0	32.0	33.0	34.0	35.0	36.0	37.0	38.0	39.0
trimmed_Res2_DNA_F6_1_paired	1.0	5.0	74.0	692.0	5098.0	25293.0	97249.0	294978.0	761966.0	1719265.0	3429050.0	6014746.0	9143802.0	6769319.0	2180402.0	6390298.0
	24.0	25.0	26.0	27.0	28.0	29.0	30.0	31.0	32.0	33.0	34.0	35.0	36.0	37.0	38.0	39.0
trimmed_Res2_DNA_F6_2_paired	2.0	68.0	824.0	6857.0	35634.0	128606.0	355265.0	801932.0	1563857.0	2738658.0	4442454.0	6478351.0	7810061.0	5906725.0	3190804.0	3372140.0
	25.0	26.0	27.0	28.0	29.0	30.0	31.0	32.0	33.0	34.0	35.0	36.0	37.0
trimmed_Res2_DNA_G1_1_paired	3.0	81.0	789.0	5950.0	28039.0	103897.0	304531.0	754891.0	1646768.0	3292578.0	6287189.0	12183825.0	11758519.0
	24.0	25.0	26.0	27.0	28.0	29.0	30.0	31.0	32.0	33.0	34.0	35.0	36.0	37.0
trimmed_Res2_DNA_G1_2_paired	1.0	32.0	497.0	4907.0	26965.0	101882.0	291277.0	677517.0	1353019.0	2455295.0	4200527.0	6889449.0	10480862.0	9884830.0
	25.0	26.0	27.0	28.0	29.0	30.0	31.0	32.0	33.0	34.0	35.0	36.0	37.0	38.0	39.0
trimmed_Res2_DNA_G2_1_paired	5.0	45.0	596.0	4330.0	20722.0	78969.0	239331.0	617535.0	1395249.0	2887221.0	5603214.0	10722651.0	9870190.0	967406.0	3138916.0
	24.0	25.0	26.0	27.0	28.0	29.0	30.0	31.0	32.0	33.0	34.0	35.0	36.0	37.0	38.0	39.0
trimmed_Res2_DNA_G2_2_paired	1.0	70.0	837.0	7343.0	37988.0	133980.0	361394.0	795058.0	1502233.0	2579136.0	4160404.0	6391989.0	8873190.0	7421834.0	1477356.0	1803567.0
	25.0	26.0	27.0	28.0	29.0	30.0	31.0	32.0	33.0	34.0	35.0	36.0	37.0	38.0	39.0
trimmed_Res2_DNA_G3_1_paired	4.0	72.0	789.0	5133.0	25410.0	93281.0	278986.0	706468.0	1567720.0	3151697.0	5923661.0	10662750.0	8707004.0	1040308.0	3330349.0
	25.0	26.0	27.0	28.0	29.0	30.0	31.0	32.0	33.0	34.0	35.0	36.0	37.0	38.0	39.0
trimmed_Res2_DNA_G3_2_paired	54.0	728.0	6249.0	32348.0	118152.0	325855.0	733206.0	1417098.0	2486032.0	4111891.0	6417995.0	8921201.0	7336987.0	1569048.0	2016788.0
	25.0	26.0	27.0	28.0	29.0	30.0	31.0	32.0	33.0	34.0	35.0	36.0	37.0
trimmed_Res2_DNA_G4_1_paired	3.0	72.0	803.0	5701.0	27918.0	101979.0	298490.0	732919.0	1587579.0	3152716.0	5992650.0	11547936.0	11028578.0
	24.0	25.0	26.0	27.0	28.0	29.0	30.0	31.0	32.0	33.0	34.0	35.0	36.0	37.0
trimmed_Res2_DNA_G4_2_paired	5.0	45.0	701.0	5311.0	28828.0	107303.0	302363.0	688848.0	1356016.0	2405671.0	4052419.0	6535297.0	9776529.0	9218008.0
	25.0	26.0	27.0	28.0	29.0	30.0	31.0	32.0	33.0	34.0	35.0	36.0	37.0	38.0	39.0
trimmed_Res2_DNA_G5_1_paired	9.0	97.0	867.0	6409.0	32434.0	120352.0	352681.0	888352.0	1956153.0	3930445.0	7352562.0	12986041.0	9893217.0	1087139.0	3542859.0
	24.0	25.0	26.0	27.0	28.0	29.0	30.0	31.0	32.0	33.0	34.0	35.0	36.0	37.0	38.0	39.0
trimmed_Res2_DNA_G5_2_paired	1.0	76.0	975.0	8247.0	42036.0	152786.0	418412.0	936121.0	1801326.0	3145202.0	5183560.0	8001875.0	10717099.0	8094923.0	1663510.0	1983468.0
	25.0	26.0	27.0	28.0	29.0	30.0	31.0	32.0	33.0	34.0	35.0	36.0	37.0
trimmed_Res2_DNA_G6_1_paired	4.0	61.0	737.0	5198.0	26227.0	97763.0	292148.0	735707.0	1626668.0	3290341.0	6292061.0	11885490.0	10378830.0
	25.0	26.0	27.0	28.0	29.0	30.0	31.0	32.0	33.0	34.0	35.0	36.0	37.0
trimmed_Res2_DNA_G6_2_paired	44.0	772.0	6392.0	34409.0	124340.0	346430.0	780047.0	1507068.0	2641935.0	4377179.0	6916790.0	9832666.0	8063163.0
	25.0	26.0	27.0	28.0	29.0	30.0	31.0	32.0	33.0	34.0	35.0	36.0	37.0
trimmed_Res2_DNA_H1_1_paired	8.0	72.0	1004.0	7008.0	34928.0	131686.0	400282.0	1019944.0	2305072.0	4764416.0	9279350.0	17905370.0	17020946.0
	25.0	26.0	27.0	28.0	29.0	30.0	31.0	32.0	33.0	34.0	35.0	36.0	37.0
trimmed_Res2_DNA_H1_2_paired	56.0	1096.0	10090.0	53614.0	195582.0	541132.0	1219640.0	2367118.0	4174554.0	6984130.0	10992856.0	15090292.0	11239926.0
	24.0	25.0	26.0	27.0	28.0	29.0	30.0	31.0	32.0	33.0	34.0	35.0	36.0	37.0	38.0	39.0
trimmed_Res2_DNA_H2_1_paired	1.0	15.0	138.0	1117.0	6649.0	30433.0	107393.0	305723.0	746347.0	1620218.0	3200794.0	5781901.0	9596752.0	8644215.0	7602262.0	21171728.0
	24.0	25.0	26.0	27.0	28.0	29.0	30.0	31.0	32.0	33.0	34.0	35.0	36.0	37.0	38.0	39.0
trimmed_Res2_DNA_H2_2_paired	4.0	104.0	1604.0	11802.0	54796.0	185228.0	476689.0	1006690.0	1836733.0	3040650.0	4718560.0	6854684.0	9113326.0	9546811.0	10643291.0	11324714.0
	25.0	26.0	27.0	28.0	29.0	30.0	31.0	32.0	33.0	34.0	35.0	36.0	37.0
trimmed_Res2_DNA_H3_1_paired	3.0	46.0	654.0	4342.0	22172.0	84024.0	261368.0	681920.0	1570120.0	3291529.0	6428928.0	12154087.0	10946425.0
	24.0	25.0	26.0	27.0	28.0	29.0	30.0	31.0	32.0	33.0	34.0	35.0	36.0	37.0
trimmed_Res2_DNA_H3_2_paired	1.0	58.0	882.0	7995.0	40589.0	147226.0	404423.0	898272.0	1711544.0	2953031.0	4782332.0	7267568.0	9767384.0	7464313.0
	25.0	26.0	27.0	28.0	29.0	30.0	31.0	32.0	33.0	34.0	35.0	36.0	37.0	38.0	39.0
trimmed_Res2_DNA_H4_1_paired	3.0	62.0	602.0	4266.0	21301.0	79110.0	241604.0	623728.0	1425030.0	2946685.0	5605889.0	9979675.0	8216288.0	1224088.0	3522184.0
	24.0	25.0	26.0	27.0	28.0	29.0	30.0	31.0	32.0	33.0	34.0	35.0	36.0	37.0	38.0	39.0
trimmed_Res2_DNA_H4_2_paired	5.0	78.0	994.0	7861.0	39163.0	138244.0	369541.0	809183.0	1512786.0	2569898.0	4083752.0	6060092.0	8022722.0	6708250.0	1719081.0	1848865.0
	26.0	27.0	28.0	29.0	30.0	31.0	32.0	33.0	34.0	35.0	36.0	37.0
trimmed_Res2_DNA_H5_1_paired	47.0	611.0	4551.0	23897.0	90366.0	278069.0	725108.0	1654837.0	3405485.0	6378382.0	10959111.0	7851163.0
	24.0	25.0	26.0	27.0	28.0	29.0	30.0	31.0	32.0	33.0	34.0	35.0	36.0	37.0
trimmed_Res2_DNA_H5_2_paired	2.0	48.0	876.0	7072.0	38200.0	139457.0	386022.0	864044.0	1651312.0	2857103.0	4590798.0	6776522.0	8464128.0	5596043.0
	25.0	26.0	27.0	28.0	29.0	30.0	31.0	32.0	33.0	34.0	35.0	36.0	37.0	38.0	39.0
trimmed_Res2_DNA_H6_1_paired	2.0	57.0	636.0	4502.0	22274.0	82644.0	247278.0	627845.0	1414629.0	2898438.0	5597230.0	10753304.0	10957310.0	812983.0	2644396.0
	24.0	25.0	26.0	27.0	28.0	29.0	30.0	31.0	32.0	33.0	34.0	35.0	36.0	37.0	38.0	39.0
trimmed_Res2_DNA_H6_2_paired	2.0	64.0	789.0	6789.0	36071.0	128133.0	347121.0	769698.0	1468390.0	2532536.0	4127674.0	6375878.0	9054266.0	8373908.0	1200956.0	1641253.0
	25.0	26.0	27.0	28.0	29.0	30.0	31.0	32.0	33.0	34.0	35.0	36.0	37.0
trimmed_Res2_DNA_I1_1_paired	2.0	54.0	618.0	4979.0	25279.0	96553.0	291948.0	739939.0	1651386.0	3278749.0	5988201.0	10311105.0	7765021.0
	25.0	26.0	27.0	28.0	29.0	30.0	31.0	32.0	33.0	34.0	35.0	36.0	37.0
trimmed_Res2_DNA_I1_2_paired	26.0	588.0	5308.0	28459.0	105933.0	298605.0	684017.0	1342550.0	2382310.0	3955577.0	6100963.0	8317401.0	6932097.0
	25.0	26.0	27.0	28.0	29.0	30.0	31.0	32.0	33.0	34.0	35.0	36.0	37.0	38.0	39.0
trimmed_Res2_DNA_I2_1_paired	10.0	133.0	941.0	5737.0	27062.0	96615.0	284626.0	714102.0	1586574.0	3170764.0	5739440.0	9373422.0	7883239.0	7631578.0	22388137.0
	24.0	25.0	26.0	27.0	28.0	29.0	30.0	31.0	32.0	33.0	34.0	35.0	36.0	37.0	38.0	39.0
trimmed_Res2_DNA_I2_2_paired	7.0	130.0	1711.0	13069.0	61057.0	203606.0	519547.0	1084887.0	1963140.0	3216741.0	4926721.0	7036951.0	9037888.0	9213640.0	11427266.0	10196019.0
	25.0	26.0	27.0	28.0	29.0	30.0	31.0	32.0	33.0	34.0	35.0	36.0	37.0	38.0	39.0
trimmed_Res2_DNA_I3_1_paired	2.0	61.0	690.0	5120.0	25588.0	95300.0	286630.0	725684.0	1605524.0	3201553.0	5876958.0	10182495.0	7685632.0	958019.0	3004137.0
	24.0	25.0	26.0	27.0	28.0	29.0	30.0	31.0	32.0	33.0	34.0	35.0	36.0	37.0	38.0	39.0
trimmed_Res2_DNA_I3_2_paired	5.0	38.0	709.0	6436.0	33817.0	122068.0	336055.0	745507.0	1418661.0	2458410.0	3991421.0	6083547.0	8284088.0	7049782.0	1466851.0	1655998.0
	25.0	26.0	27.0	28.0	29.0	30.0	31.0	32.0	33.0	34.0	35.0	36.0	37.0
trimmed_Res2_DNA_I4_1_paired	4.0	57.0	749.0	5836.0	28943.0	107552.0	318653.0	788518.0	1705954.0	3348794.0	6136902.0	11167099.0	9266789.0
	25.0	26.0	27.0	28.0	29.0	30.0	31.0	32.0	33.0	34.0	35.0	36.0	37.0
trimmed_Res2_DNA_I4_2_paired	28.0	566.0	4914.0	26508.0	99917.0	283069.0	654888.0	1299936.0	2327815.0	3927126.0	6274794.0	9202689.0	8773600.0
	25.0	26.0	27.0	28.0	29.0	30.0	31.0	32.0	33.0	34.0	35.0	36.0	37.0	38.0	39.0
trimmed_Res2_DNA_I5_1_paired	4.0	81.0	772.0	5295.0	28024.0	105705.0	316950.0	802255.0	1776278.0	3493887.0	6192423.0	9874069.0	6687428.0	1262384.0	4141129.0
	24.0	25.0	26.0	27.0	28.0	29.0	30.0	31.0	32.0	33.0	34.0	35.0	36.0	37.0	38.0	39.0
trimmed_Res2_DNA_I5_2_paired	2.0	55.0	739.0	5881.0	32411.0	117391.0	324843.0	736719.0	1436131.0	2527769.0	4140543.0	6240521.0	8171270.0	6758481.0	1974127.0	2219801.0
	25.0	26.0	27.0	28.0	29.0	30.0	31.0	32.0	33.0	34.0	35.0	36.0	37.0
trimmed_Res2_DNA_I6_1_paired	1.0	56.0	657.0	5153.0	26389.0	98906.0	297128.0	746481.0	1643147.0	3262443.0	6013440.0	10730836.0	8715676.0
	25.0	26.0	27.0	28.0	29.0	30.0	31.0	32.0	33.0	34.0	35.0	36.0	37.0
trimmed_Res2_DNA_I6_2_paired	27.0	533.0	4856.0	26139.0	98109.0	279810.0	648847.0	1287372.0	2306638.0	3897856.0	6185341.0	8839887.0	7964898.0
	25.0	26.0	27.0	28.0	29.0	30.0	31.0	32.0	33.0	34.0	35.0	36.0	37.0	38.0	39.0
trimmed_Res2_DNA_J1_1_paired	5.0	64.0	680.0	4863.0	23678.0	88808.0	265211.0	663911.0	1472869.0	2952888.0	5495386.0	9851024.0	8385668.0	1430836.0	5014847.0
	25.0	26.0	27.0	28.0	29.0	30.0	31.0	32.0	33.0	34.0	35.0	36.0	37.0	38.0	39.0
trimmed_Res2_DNA_J1_2_paired	66.0	754.0	5954.0	31756.0	115541.0	315450.0	705359.0	1353686.0	2355045.0	3860927.0	5942836.0	8225842.0	7477557.0	2306048.0	2953917.0
	25.0	26.0	27.0	28.0	29.0	30.0	31.0	32.0	33.0	34.0	35.0	36.0	37.0
trimmed_Res2_DNA_J2_1_paired	1.0	71.0	854.0	6012.0	29761.0	110911.0	321584.0	787912.0	1690219.0	3301037.0	6142080.0	11599906.0	10668329.0
	25.0	26.0	27.0	28.0	29.0	30.0	31.0	32.0	33.0	34.0	35.0	36.0	37.0
trimmed_Res2_DNA_J2_2_paired	22.0	519.0	4268.0	23910.0	89720.0	260057.0	606350.0	1220829.0	2214748.0	3803144.0	6274849.0	9815344.0	10344917.0
	26.0	27.0	28.0	29.0	30.0	31.0	32.0	33.0	34.0	35.0	36.0	37.0
trimmed_Res2_DNA_J4_1_paired	50.0	571.0	4417.0	22627.0	85684.0	261633.0	669267.0	1497791.0	3033856.0	5743565.0	10642639.0	9210954.0
	25.0	26.0	27.0	28.0	29.0	30.0	31.0	32.0	33.0	34.0	35.0	36.0	37.0
trimmed_Res2_DNA_J4_2_paired	50.0	638.0	5538.0	29412.0	109706.0	306779.0	696394.0	1354866.0	2389178.0	3967722.0	6185213.0	8655820.0	7471738.0
	25.0	26.0	27.0	28.0	29.0	30.0	31.0	32.0	33.0	34.0	35.0	36.0	37.0	38.0	39.0
trimmed_Res2_DNA_J5_1_paired	4.0	57.0	727.0	5505.0	27322.0	101994.0	306473.0	762927.0	1668741.0	3299808.0	6034864.0	10497808.0	7870555.0	472225.0	1745672.0
	25.0	26.0	27.0	28.0	29.0	30.0	31.0	32.0	33.0	34.0	35.0	36.0	37.0	38.0	39.0
trimmed_Res2_DNA_J5_2_paired	34.0	529.0	4890.0	26400.0	99567.0	283084.0	653436.0	1295302.0	2320488.0	3886931.0	6122429.0	8642441.0	7644500.0	828076.0	986575.0
	26.0	27.0	28.0	29.0	30.0	31.0	32.0	33.0	34.0	35.0	36.0	37.0	38.0	39.0
trimmed_Res2_DNA_J6_1_paired	61.0	696.0	5212.0	26364.0	99710.0	300381.0	753179.0	1665219.0	3311426.0	6063888.0	10508602.0	8003462.0	700787.0	2728740.0
	24.0	25.0	26.0	27.0	28.0	29.0	30.0	31.0	32.0	33.0	34.0	35.0	36.0	37.0	38.0	39.0
trimmed_Res2_DNA_J6_2_paired	1.0	36.0	556.0	4738.0	26315.0	98680.0	286901.0	668428.0	1341692.0	2423444.0	4105264.0	6421681.0	8710887.0	7128864.0	1251862.0	1698378.0

