Sample	74	76	78	80	82	84	86	88	90	92	94	96	98	100	102	104	106	108	110	112	114	116	118	120	122	124	126
trimmed_Res2_DNA_A1_1_paired	48059.0	100227.0	108274.0	116104.0	125884.0	136760.0	149305.0	165215.0	182197.0	197868.0	211611.0	224804.0	239498.0	260861.0	275550.0	287308.0	307233.0	337768.0	481757.0	1071309.0	431338.0	449691.0	494806.0	588608.0	937610.0	5030473.0	21564914.0
trimmed_Res2_DNA_A1_2_paired	107892.0	225962.0	242191.0	258127.0	275521.0	292444.0	313708.0	334268.0	355596.0	379804.0	405084.0	430610.0	466723.0	496454.0	534308.0	570062.0	613807.0	671242.0	732692.0	797736.0	874529.0	952176.0	1081587.0	1277218.0	1846331.0	6559276.0	13429684.0
trimmed_Res2_DNA_A2_1_paired	45147.0	94642.0	102834.0	109547.0	118643.0	127950.0	141851.0	157133.0	171805.0	186756.0	200962.0	214060.0	228530.0	247910.0	263441.0	276100.0	293915.0	323224.0	477352.0	1146326.0	419926.0	436920.0	479477.0	576555.0	931284.0	5289747.0	23637119.0
trimmed_Res2_DNA_A2_2_paired	105736.0	222804.0	238120.0	253464.0	270004.0	286882.0	305480.0	327767.0	352030.0	375182.0	401588.0	430571.0	469169.0	502220.0	543758.0	579759.0	632045.0	695791.0	764829.0	834793.0	921796.0	1011448.0	1153797.0	1374866.0	2005723.0	7095668.0	14543866.0
trimmed_Res2_DNA_A3_1_paired	51413.0	107999.0	116124.0	126325.0	135839.0	146144.0	161692.0	179064.0	197173.0	211442.0	226134.0	241021.0	257229.0	275941.0	293673.0	306726.0	325472.0	357750.0	524394.0	1254276.0	458194.0	474718.0	524381.0	628927.0	1013889.0	5505728.0	26363443.0
trimmed_Res2_DNA_A3_2_paired	102990.0	216563.0	231836.0	249458.0	264763.0	283355.0	303851.0	324701.0	349463.0	373709.0	403374.0	434502.0	470471.0	501282.0	549030.0	588384.0	640710.0	704334.0	777375.0	856990.0	950484.0	1042987.0	1198677.0	1430097.0	2106653.0	7741525.0	17367547.0
trimmed_Res2_DNA_A4_1_paired	49266.0	103345.0	112571.0	120216.0	129170.0	140394.0	153236.0	170170.0	187398.0	202759.0	217011.0	230618.0	247802.0	266704.0	281028.0	295508.0	313712.0	344441.0	492459.0	1098622.0	442940.0	459559.0	503717.0	600039.0	948234.0	5110309.0	22082149.0
trimmed_Res2_DNA_A4_2_paired	97821.0	207535.0	222150.0	238762.0	256709.0	273341.0	293035.0	312603.0	333888.0	358072.0	383975.0	413979.0	448281.0	477878.0	519657.0	555835.0	602717.0	661294.0	727876.0	794066.0	872526.0	956674.0	1087930.0	1292485.0	1886179.0	6783468.0	14244641.0
trimmed_Res2_DNA_A5_1_paired	51573.0	107966.0	117031.0	126588.0	137059.0	147154.0	162267.0	180010.0	198005.0	213467.0	230003.0	242900.0	261602.0	282591.0	298742.0	312503.0	331151.0	365284.0	517870.0	1132124.0	467271.0	484816.0	533584.0	635147.0	1008938.0	5279663.0	22485436.0
trimmed_Res2_DNA_A5_2_paired	106478.0	223799.0	240289.0	258930.0	275675.0	294874.0	315286.0	335907.0	358179.0	382772.0	412657.0	440846.0	473916.0	510907.0	551442.0	589534.0	638623.0	696846.0	766501.0	834848.0	915492.0	1001561.0	1138176.0	1345719.0	1958870.0	6914941.0	14327677.0
trimmed_Res2_DNA_A6_1_paired	51127.0	106410.0	114227.0	122860.0	133167.0	143221.0	158322.0	176161.0	193199.0	209066.0	224313.0	237942.0	254574.0	275651.0	290634.0	305616.0	324809.0	358474.0	512147.0	1154838.0	457504.0	477122.0	522060.0	621680.0	994295.0	5301444.0	22990592.0
trimmed_Res2_DNA_A6_2_paired	105334.0	223211.0	238941.0	255695.0	274798.0	290768.0	313547.0	332844.0	355800.0	380841.0	407958.0	437938.0	474383.0	506705.0	547846.0	588440.0	635624.0	697202.0	765007.0	837790.0	918741.0	1005260.0	1144978.0	1360010.0	1981868.0	7105320.0	14524606.0
trimmed_Res2_DNA_B1_1_paired	48688.0	101818.0	110364.0	118118.0	126808.0	136718.0	150836.0	166827.0	182656.0	196986.0	211173.0	222983.0	238624.0	257415.0	271825.0	284799.0	301035.0	331357.0	493283.0	1142544.0	425924.0	438105.0	479539.0	565261.0	886808.0	5657983.0	23560650.0
trimmed_Res2_DNA_B1_2_paired	99213.0	210023.0	224399.0	240032.0	257561.0	272533.0	291369.0	311439.0	333085.0	357247.0	381918.0	410717.0	444400.0	476352.0	514486.0	551624.0	598084.0	658378.0	725060.0	795956.0	876630.0	964888.0	1104015.0	1318717.0	1950314.0	7598789.0	15141898.0
trimmed_Res2_DNA_B2_1_paired	46367.0	96624.0	104163.0	110948.0	119105.0	129684.0	141541.0	156893.0	172698.0	186288.0	199804.0	210662.0	227612.0	246980.0	260248.0	274348.0	291775.0	319928.0	471191.0	1107046.0	417246.0	430505.0	474462.0	563275.0	887132.0	5262466.0	23241518.0
trimmed_Res2_DNA_B2_2_paired	92773.0	194871.0	208873.0	224048.0	239731.0	254349.0	273784.0	293182.0	312942.0	336604.0	362284.0	391906.0	425229.0	455477.0	497662.0	534327.0	585185.0	643234.0	711897.0	782567.0	866628.0	954777.0	1094060.0	1310562.0	1939116.0	7216763.0	14947678.0
trimmed_Res2_DNA_B3_1_paired	43298.0	89956.0	96648.0	103174.0	110728.0	119838.0	130981.0	146408.0	158963.0	172247.0	184791.0	194478.0	210618.0	228029.0	241574.0	253786.0	269373.0	296806.0	454719.0	1197560.0	391069.0	402848.0	442826.0	531840.0	860977.0	5534616.0	26005392.0
trimmed_Res2_DNA_B3_2_paired	83732.0	177330.0	189063.0	202408.0	215364.0	230205.0	247357.0	264351.0	285831.0	305822.0	329455.0	358723.0	392740.0	422382.0	466307.0	505634.0	554123.0	618615.0	687552.0	766174.0	855006.0	952195.0	1108105.0	1353350.0	2057521.0	8237103.0	17007095.0
trimmed_Res2_DNA_B4_1_paired	48364.0	99549.0	107664.0	115939.0	125724.0	135831.0	147711.0	164792.0	181080.0	194620.0	208690.0	222165.0	238041.0	255911.0	269652.0	280834.0	299713.0	327772.0	453551.0	922554.0	417561.0	434208.0	474329.0	559396.0	872745.0	4719882.0	20888807.0
trimmed_Res2_DNA_B4_2_paired	103067.0	214216.0	230352.0	247185.0	265060.0	282077.0	299142.0	318115.0	340150.0	358699.0	383539.0	406638.0	435064.0	462295.0	492713.0	519279.0	560657.0	608385.0	662475.0	721029.0	782989.0	851844.0	965500.0	1136224.0	1641036.0	6038902.0	13840453.0
trimmed_Res2_DNA_B5_1_paired	49537.0	102515.0	110662.0	118402.0	128548.0	138389.0	151890.0	169014.0	184315.0	200879.0	215796.0	227979.0	244949.0	265722.0	279458.0	291935.0	310457.0	342542.0	490304.0	1073723.0	438040.0	454998.0	498155.0	587955.0	918774.0	5175402.0	21311398.0
trimmed_Res2_DNA_B5_2_paired	108573.0	229632.0	245716.0	263401.0	281970.0	298215.0	319260.0	341859.0	363366.0	386763.0	413021.0	442922.0	475829.0	508130.0	546923.0	582596.0	629442.0	687211.0	751423.0	820094.0	898007.0	976264.0	1109231.0	1304947.0	1877376.0	6580631.0	13038936.0
trimmed_Res2_DNA_B6_1_paired	43148.0	90517.0	99004.0	105986.0	114589.0	123894.0	136445.0	152052.0	167104.0	180987.0	193642.0	205414.0	220564.0	237718.0	251752.0	261546.0	280325.0	308235.0	456880.0	1081606.0	397579.0	412095.0	452366.0	538697.0	857830.0	5379979.0	23395274.0
trimmed_Res2_DNA_B6_2_paired	110024.0	232241.0	245229.0	261900.0	279190.0	297340.0	313660.0	334690.0	357124.0	378876.0	403968.0	429737.0	460478.0	493910.0	529813.0	564966.0	609209.0	668110.0	727516.0	792516.0	872850.0	952212.0	1085544.0	1287654.0	1886601.0	7165725.0	14404145.0
trimmed_Res2_DNA_C1_1_paired	37373.0	77500.0	84488.0	89194.0	97168.0	103965.0	114365.0	126935.0	139626.0	152603.0	163824.0	174015.0	186301.0	201373.0	212884.0	223251.0	238540.0	265201.0	376553.0	794900.0	349087.0	360177.0	390663.0	455377.0	699856.0	4960903.0	20503621.0
trimmed_Res2_DNA_C1_2_paired	99976.0	209482.0	224385.0	242171.0	259606.0	274892.0	291506.0	306234.0	325630.0	345453.0	365510.0	387958.0	414761.0	439881.0	473463.0	499303.0	538242.0	582220.0	630847.0	685185.0	747652.0	810420.0	912733.0	1067813.0	1534400.0	6112147.0	12797873.0
trimmed_Res2_DNA_C2_1_paired	32984.0	66068.0	70175.0	75364.0	82390.0	88390.0	96681.0	107636.0	118684.0	129718.0	140476.0	149756.0	160443.0	170771.0	181849.0	189375.0	204141.0	225206.0	323617.0	685059.0	300966.0	313147.0	341893.0	405700.0	638271.0	4595753.0	25113794.0
trimmed_Res2_DNA_C2_2_paired	112190.0	233316.0	249681.0	267084.0	284348.0	298801.0	316470.0	334633.0	351003.0	369454.0	391268.0	412337.0	438670.0	452164.0	476727.0	496293.0	528810.0	569879.0	613881.0	662322.0	718929.0	775194.0	868124.0	1007019.0	1429889.0	5925107.0	16424714.0
trimmed_Res2_DNA_C3_1_paired	25654.0	54147.0	58594.0	63587.0	68834.0	74752.0	82667.0	91302.0	100838.0	108515.0	116316.0	125534.0	135326.0	143918.0	151805.0	160102.0	173246.0	204193.0	363146.0	427837.0	244253.0	256285.0	288308.0	381541.0	1070055.0	7802666.0	10931347.0
trimmed_Res2_DNA_C3_2_paired	61731.0	132397.0	141371.0	154944.0	168602.0	179598.0	191160.0	202151.0	215524.0	229506.0	245056.0	260585.0	278520.0	298398.0	320433.0	339989.0	365884.0	398707.0	433786.0	472799.0	513719.0	562614.0	639608.0	759120.0	1133092.0	4748040.0	10257434.0
trimmed_Res2_DNA_C4_1_paired	36331.0	75963.0	82125.0	87790.0	94131.0	102187.0	112512.0	123656.0	135479.0	147872.0	159398.0	168676.0	180559.0	193051.0	202749.0	213325.0	226948.0	251945.0	352268.0	737616.0	330428.0	342241.0	372202.0	438717.0	685400.0	4730462.0	23384922.0
trimmed_Res2_DNA_C4_2_paired	90539.0	189700.0	203574.0	219344.0	238272.0	251653.0	267230.0	283185.0	300440.0	319002.0	338677.0	360553.0	385024.0	403837.0	432527.0	456482.0	489664.0	531317.0	577153.0	627154.0	686863.0	746764.0	843560.0	991146.0	1445037.0	6189309.0	16100947.0
trimmed_Res2_DNA_C5_1_paired	35133.0	73078.0	77386.0	83232.0	88650.0	95299.0	103923.0	115062.0	127632.0	137754.0	147127.0	156085.0	166602.0	180081.0	190904.0	200456.0	214745.0	237529.0	357368.0	887281.0	316052.0	322499.0	348736.0	404438.0	599805.0	5112297.0	24022216.0
trimmed_Res2_DNA_C5_2_paired	79689.0	168680.0	180086.0	193726.0	207927.0	221389.0	234545.0	249347.0	266232.0	282441.0	303220.0	323107.0	348637.0	376162.0	409050.0	439749.0	483147.0	526810.0	583505.0	644243.0	714021.0	787587.0	899384.0	1084279.0	1620470.0	7098217.0	16075720.0
trimmed_Res2_DNA_C6_1_paired	36965.0	71894.0	77697.0	83335.0	89585.0	97555.0	106409.0	117899.0	130815.0	140998.0	151307.0	162961.0	173967.0	187429.0	197609.0	206136.0	220669.0	244709.0	341297.0	704497.0	323876.0	336854.0	367605.0	433336.0	683922.0	4537658.0	23938950.0
trimmed_Res2_DNA_C6_2_paired	101599.0	213769.0	229043.0	244540.0	261915.0	277829.0	292836.0	310980.0	329891.0	347082.0	367577.0	391423.0	415974.0	433231.0	460184.0	481412.0	516421.0	557874.0	602334.0	651251.0	707986.0	766212.0	858996.0	1003843.0	1433277.0	5899804.0	16008651.0
trimmed_Res2_DNA_D1_1_paired	37007.0	77684.0	84035.0	91073.0	98521.0	107711.0	118252.0	131552.0	146121.0	158190.0	169994.0	182340.0	194856.0	211182.0	223915.0	233873.0	249380.0	275270.0	390449.0	828270.0	361950.0	377336.0	412370.0	499586.0	822636.0	4881584.0	20629547.0
trimmed_Res2_DNA_D1_2_paired	109843.0	230700.0	246167.0	266615.0	288281.0	305630.0	324011.0	344429.0	365320.0	387880.0	408753.0	433156.0	466087.0	494598.0	527946.0	557540.0	595138.0	642033.0	695282.0	751448.0	814524.0	881932.0	989126.0	1152611.0	1651962.0	5999989.0	12063683.0
trimmed_Res2_DNA_D2_1_paired	40202.0	84540.0	92490.0	100114.0	108706.0	118168.0	129047.0	143719.0	159476.0	173848.0	185828.0	197676.0	211949.0	227722.0	242530.0	254294.0	270255.0	298696.0	437423.0	1007945.0	393870.0	409192.0	451740.0	544854.0	909635.0	5490309.0	23908257.0
trimmed_Res2_DNA_D2_2_paired	107755.0	225839.0	240485.0	261662.0	281233.0	299739.0	321392.0	339410.0	362566.0	386840.0	411576.0	439961.0	476908.0	507760.0	550832.0	586187.0	633027.0	689143.0	750851.0	820407.0	899682.0	983424.0	1110321.0	1308729.0	1912081.0	7229851.0	14454824.0
trimmed_Res2_DNA_D3_1_paired	33636.0	70761.0	77047.0	83798.0	90544.0	98872.0	108278.0	121451.0	134141.0	145115.0	157918.0	168518.0	181120.0	191201.0	202253.0	211175.0	224086.0	247319.0	335314.0	639138.0	327505.0	343223.0	375189.0	451575.0	734447.0	4249262.0	25562063.0
trimmed_Res2_DNA_D3_2_paired	125172.0	261899.0	278452.0	300204.0	319773.0	336076.0	353734.0	371771.0	392847.0	411720.0	432332.0	455557.0	478391.0	486505.0	510003.0	521218.0	548960.0	586783.0	624770.0	668814.0	718993.0	768824.0	850776.0	974355.0	1370414.0	5433426.0	16983180.0
trimmed_Res2_DNA_D4_1_paired	38571.0	81630.0	88656.0	95042.0	102905.0	111782.0	122582.0	135347.0	150272.0	162349.0	174014.0	185705.0	198137.0	209822.0	220425.0	229050.0	241754.0	267787.0	361555.0	688658.0	349575.0	363094.0	396316.0	471324.0	746424.0	4577624.0	28134819.0
trimmed_Res2_DNA_D4_2_paired	119915.0	250892.0	267458.0	286769.0	307404.0	323411.0	341294.0	358595.0	379246.0	397197.0	417149.0	439738.0	464048.0	466672.0	489033.0	501486.0	527755.0	568240.0	608797.0	653920.0	709291.0	759597.0	851581.0	989171.0	1417522.0	6163926.0	19845112.0
trimmed_Res2_DNA_D5_1_paired	37424.0	79499.0	87093.0	94117.0	102865.0	112031.0	123236.0	137134.0	152161.0	166498.0	177720.0	190051.0	202666.0	218778.0	231106.0	242585.0	258048.0	285951.0	397658.0	818807.0	373682.0	390351.0	428382.0	521941.0	870123.0	4739749.0	19864155.0
trimmed_Res2_DNA_D5_2_paired	113118.0	238013.0	256169.0	276860.0	297976.0	316552.0	336693.0	354961.0	378514.0	399977.0	420454.0	446519.0	477283.0	507570.0	540437.0	567676.0	605666.0	654518.0	707059.0	761358.0	825765.0	890108.0	993463.0	1155540.0	1644533.0	5713971.0	11423058.0
trimmed_Res2_DNA_D6_1_paired	36300.0	75164.0	81723.0	88084.0	96288.0	104035.0	114493.0	128207.0	141686.0	153219.0	165530.0	176494.0	187977.0	199691.0	212549.0	221123.0	235898.0	259169.0	362696.0	762141.0	342097.0	356042.0	390643.0	473509.0	779429.0	4684912.0	22698316.0
trimmed_Res2_DNA_D6_2_paired	113904.0	239229.0	256629.0	275446.0	294800.0	311886.0	329820.0	347995.0	367505.0	387221.0	408145.0	430136.0	457054.0	477185.0	508509.0	532356.0	562595.0	606282.0	650985.0	699691.0	762115.0	816053.0	912786.0	1062924.0	1519399.0	5907119.0	14289646.0
trimmed_Res2_DNA_E1_1_paired	40192.0	84029.0	92159.0	99406.0	107342.0	117375.0	129254.0	144865.0	159483.0	174831.0	186070.0	196801.0	214244.0	230405.0	244375.0	257075.0	275331.0	302362.0	467802.0	1192195.0	399008.0	412885.0	457168.0	553594.0	922365.0	5552600.0	24735769.0
trimmed_Res2_DNA_E1_2_paired	101041.0	213056.0	227144.0	244724.0	262402.0	278407.0	298333.0	319124.0	341668.0	364131.0	392866.0	421320.0	456833.0	489620.0	532948.0	571676.0	621432.0	684837.0	757166.0	829789.0	916138.0	1013543.0	1161419.0	1383506.0	2058111.0	7651772.0	15155979.0
trimmed_Res2_DNA_E2_1_paired	38605.0	81077.0	88469.0	96313.0	105423.0	114884.0	126023.0	141215.0	155586.0	169227.0	183293.0	193798.0	209202.0	224313.0	235207.0	245667.0	259926.0	285822.0	395003.0	777452.0	369209.0	386955.0	423202.0	505967.0	806006.0	4359844.0	23387369.0
trimmed_Res2_DNA_E2_2_paired	134374.0	281445.0	299083.0	318700.0	339857.0	356390.0	375061.0	393969.0	417921.0	436335.0	455182.0	479201.0	501379.0	513944.0	538459.0	552140.0	581863.0	620830.0	661945.0	706898.0	755251.0	809633.0	899165.0	1032676.0	1443391.0	5319767.0	15140198.0
trimmed_Res2_DNA_E3_1_paired	47801.0	100768.0	109847.0	118778.0	130360.0	141957.0	156535.0	173067.0	191232.0	207172.0	222902.0	237198.0	251307.0	271616.0	286606.0	298532.0	319308.0	350706.0	500116.0	1059028.0	447952.0	465935.0	511529.0	613055.0	991460.0	5277930.0	20972366.0
trimmed_Res2_DNA_E3_2_paired	116471.0	244744.0	261197.0	281275.0	302187.0	321693.0	344908.0	363218.0	390081.0	413903.0	439863.0	467652.0	499791.0	531332.0	569856.0	601464.0	645153.0	701906.0	762576.0	825481.0	901500.0	977789.0	1103679.0	1296655.0	1863201.0	6511273.0	12716215.0
trimmed_Res2_DNA_E4_1_paired	45458.0	97222.0	105370.0	114142.0	124777.0	135965.0	150589.0	168186.0	184817.0	199558.0	215009.0	227558.0	244829.0	264500.0	280599.0	292055.0	311370.0	342093.0	477736.0	973567.0	437209.0	458354.0	499010.0	595525.0	953838.0	4847235.0	19269380.0
trimmed_Res2_DNA_E4_2_paired	113167.0	239574.0	255130.0	276694.0	298478.0	315936.0	336043.0	356914.0	380271.0	403323.0	427286.0	453217.0	484674.0	516047.0	549450.0	577948.0	619351.0	668184.0	725124.0	782123.0	848730.0	919453.0	1030893.0	1202585.0	1708579.0	5818919.0	11707858.0
trimmed_Res2_DNA_E5_1_paired	44191.0	92492.0	100794.0	108826.0	118749.0	128862.0	141682.0	158830.0	174795.0	187035.0	203188.0	215510.0	230960.0	247007.0	260636.0	273792.0	288388.0	317796.0	455752.0	959147.0	410714.0	425943.0	467130.0	555629.0	887977.0	5048490.0	23786528.0
trimmed_Res2_DNA_E5_2_paired	109392.0	229423.0	245785.0	264642.0	283859.0	300690.0	319146.0	338441.0	360451.0	382172.0	405728.0	429830.0	459958.0	481696.0	515840.0	543212.0	582888.0	632182.0	686259.0	743339.0	810465.0	880760.0	999400.0	1172767.0	1702494.0	6521181.0	15888843.0
trimmed_Res2_DNA_E6_1_paired	47328.0	100683.0	110777.0	120766.0	132028.0	143515.0	158384.0	175894.0	194487.0	210627.0	225497.0	238683.0	255022.0	275258.0	291148.0	302331.0	322146.0	352834.0	493920.0	1021578.0	449774.0	468876.0	511857.0	615896.0	1009524.0	4974304.0	19699098.0
trimmed_Res2_DNA_E6_2_paired	122771.0	259464.0	277805.0	297195.0	319118.0	339108.0	360979.0	382820.0	405852.0	428733.0	453546.0	482845.0	512293.0	542336.0	576308.0	606957.0	649665.0	701014.0	758238.0	816889.0	886197.0	959369.0	1081294.0	1254812.0	1788654.0	5989560.0	11648413.0
trimmed_Res2_DNA_F1_1_paired	43111.0	91721.0	99082.0	107186.0	117311.0	128256.0	140861.0	155761.0	172200.0	185804.0	200110.0	212811.0	227549.0	243130.0	256951.0	267249.0	285232.0	313679.0	441814.0	914075.0	401675.0	418444.0	456171.0	542955.0	871085.0	4912645.0	21484902.0
trimmed_Res2_DNA_F1_2_paired	119102.0	252309.0	266849.0	287691.0	307837.0	325501.0	345249.0	365823.0	385052.0	406757.0	429630.0	455623.0	480234.0	503730.0	533431.0	559298.0	592878.0	641016.0	693240.0	742173.0	805498.0	871308.0	980049.0	1138727.0	1626715.0	5994297.0	13581753.0
trimmed_Res2_DNA_F2_1_paired	43085.0	92180.0	100383.0	109760.0	119925.0	131097.0	143216.0	159377.0	175234.0	190576.0	204611.0	216544.0	231532.0	249237.0	260707.0	270946.0	288388.0	317148.0	445770.0	915547.0	405767.0	421897.0	460961.0	550146.0	887280.0	4963242.0	23306821.0
trimmed_Res2_DNA_F2_2_paired	117401.0	248275.0	262469.0	282219.0	303335.0	320958.0	339334.0	358224.0	379524.0	400163.0	425639.0	447539.0	473900.0	495050.0	527419.0	548429.0	587960.0	634057.0	685435.0	738470.0	802940.0	867506.0	979609.0	1145988.0	1647844.0	6289081.0	15352609.0
trimmed_Res2_DNA_F3_1_paired	40569.0	84512.0	91248.0	99001.0	105123.0	113471.0	123427.0	138509.0	152984.0	164582.0	175223.0	186619.0	199718.0	214411.0	228502.0	239073.0	255300.0	280337.0	459598.0	1264977.0	368846.0	379703.0	417528.0	487944.0	764928.0	6054077.0	32284621.0
trimmed_Res2_DNA_F3_2_paired	101261.0	213329.0	225171.0	240751.0	254255.0	270369.0	288813.0	307715.0	329003.0	351267.0	377475.0	407251.0	440931.0	467496.0	508875.0	544334.0	595735.0	661405.0	735637.0	810641.0	902041.0	1002546.0	1157827.0	1400194.0	2101208.0	8898330.0	21780971.0
trimmed_Res2_DNA_F4_1_paired	44808.0	96007.0	104347.0	112742.0	123647.0	135448.0	148121.0	165004.0	182394.0	196794.0	212317.0	225818.0	240408.0	258336.0	272153.0	284745.0	302590.0	332698.0	467195.0	961989.0	425457.0	444450.0	487750.0	583038.0	944326.0	4922221.0	22477945.0
trimmed_Res2_DNA_F4_2_paired	122614.0	259699.0	275778.0	295720.0	317119.0	334793.0	356802.0	374829.0	400253.0	422021.0	446847.0	472925.0	503180.0	528094.0	559461.0	586369.0	625462.0	672719.0	728148.0	787680.0	852978.0	921706.0	1034442.0	1205385.0	1716431.0	6070975.0	14280318.0
trimmed_Res2_DNA_F5_1_paired	41080.0	86775.0	95790.0	103271.0	112983.0	121792.0	134617.0	148457.0	164122.0	178619.0	192071.0	204910.0	218301.0	230518.0	242281.0	251424.0	267399.0	292649.0	397198.0	764020.0	378500.0	393778.0	429437.0	510866.0	806073.0	4438528.0	27284390.0
trimmed_Res2_DNA_F5_2_paired	135421.0	284663.0	300229.0	320732.0	341627.0	359081.0	381265.0	397520.0	419743.0	439411.0	461176.0	483783.0	506707.0	508907.0	531844.0	546204.0	572865.0	614516.0	655100.0	696990.0	750105.0	803438.0	895053.0	1029417.0	1448237.0	5771725.0	18834090.0
trimmed_Res2_DNA_F6_1_paired	38584.0	79457.0	87096.0	94798.0	104311.0	113978.0	125225.0	139082.0	153234.0	167791.0	180127.0	193037.0	206683.0	219065.0	231342.0	240060.0	254693.0	280555.0	387871.0	777244.0	364336.0	381029.0	419253.0	506039.0	826738.0	4402507.0	25858103.0
trimmed_Res2_DNA_F6_2_paired	136394.0	288955.0	305750.0	324785.0	347496.0	364358.0	385285.0	404772.0	427181.0	445070.0	467896.0	492489.0	516567.0	526967.0	551820.0	568729.0	595308.0	635302.0	678315.0	722127.0	774936.0	828208.0	917325.0	1053105.0	1478047.0	5515852.0	17079199.0
trimmed_Res2_DNA_G1_1_paired	32080.0	67957.0	73526.0	79893.0	87910.0	94402.0	103916.0	116734.0	129228.0	141645.0	152462.0	161487.0	174778.0	189530.0	201628.0	212869.0	226816.0	251686.0	386044.0	1002756.0	340002.0	350918.0	391262.0	476916.0	814359.0	5299522.0	24806734.0
trimmed_Res2_DNA_G1_2_paired	101105.0	210872.0	224757.0	242255.0	259622.0	272999.0	291505.0	309217.0	330629.0	353292.0	379577.0	401869.0	436878.0	466625.0	503451.0	539618.0	586043.0	642919.0	706422.0	777431.0	853594.0	938946.0	1077330.0	1284829.0	1908670.0	7301366.0	14965239.0
trimmed_Res2_DNA_G2_1_paired	27316.0	58545.0	62630.0	68923.0	73994.0	80237.0	88857.0	99822.0	110081.0	121533.0	130450.0	140001.0	152475.0	162554.0	172802.0	182290.0	194704.0	217008.0	322100.0	810004.0	294162.0	307969.0	339600.0	415501.0	703379.0	4571734.0	25637709.0
trimmed_Res2_DNA_G2_2_paired	112179.0	233098.0	247564.0	262833.0	281193.0	296294.0	315028.0	332035.0	352837.0	373336.0	394867.0	419909.0	450021.0	470661.0	503508.0	530349.0	567457.0	616274.0	673094.0	727142.0	792936.0	863854.0	973642.0	1140396.0	1642868.0	6062955.0	15910050.0
trimmed_Res2_DNA_G3_1_paired	31911.0	68128.0	72683.0	78690.0	86209.0	93354.0	103486.0	115030.0	127312.0	139306.0	150622.0	158985.0	171984.0	183950.0	194744.0	205273.0	217740.0	242481.0	349071.0	811701.0	324384.0	338703.0	371603.0	453511.0	754618.0	4568715.0	25079438.0
trimmed_Res2_DNA_G3_2_paired	105813.0	224252.0	237024.0	255702.0	273299.0	288254.0	306353.0	323788.0	345558.0	365888.0	389601.0	412672.0	442227.0	463603.0	494816.0	521411.0	560918.0	608363.0	663049.0	716826.0	785623.0	855052.0	962160.0	1129637.0	1630520.0	6058529.0	16072694.0
trimmed_Res2_DNA_G4_1_paired	29849.0	63585.0	68605.0	74111.0	79806.0	86218.0	95667.0	106825.0	119098.0	130392.0	139545.0	148562.0	161562.0	175839.0	186620.0	199438.0	212378.0	236406.0	356491.0	924047.0	321715.0	334037.0	369303.0	450793.0	759081.0	4904961.0	23742410.0
trimmed_Res2_DNA_G4_2_paired	95334.0	200369.0	213769.0	229376.0	244480.0	260866.0	276618.0	295196.0	314704.0	336238.0	358206.0	386383.0	417334.0	447738.0	483831.0	518006.0	562480.0	615306.0	678440.0	740137.0	816559.0	895352.0	1019088.0	1214308.0	1796430.0	6745181.0	14315615.0
trimmed_Res2_DNA_G5_1_paired	38276.0	81093.0	87482.0	94244.0	103768.0	112258.0	123058.0	137543.0	154190.0	169268.0	181493.0	192255.0	206311.0	222453.0	240702.0	253529.0	272947.0	300671.0	465214.0	1226963.0	400141.0	414912.0	462665.0	558340.0	920829.0	5453916.0	29275096.0
trimmed_Res2_DNA_G5_2_paired	141276.0	294632.0	310675.0	329903.0	348401.0	367962.0	392482.0	417781.0	446584.0	472335.0	503924.0	539501.0	582967.0	613332.0	659937.0	702239.0	757457.0	824017.0	899869.0	974615.0	1063783.0	1148450.0	1294160.0	1503754.0	2118642.0	7174842.0	17266097.0
trimmed_Res2_DNA_G6_1_paired	30813.0	65240.0	70316.0	76158.0	83517.0	89520.0	98929.0	111380.0	125251.0	136493.0	147105.0	155843.0	168663.0	184647.0	197313.0	208771.0	224791.0	247977.0	377468.0	970456.0	337670.0	354205.0	390020.0	475398.0	796674.0	4973968.0	23532649.0
trimmed_Res2_DNA_G6_2_paired	108859.0	228707.0	242925.0	259888.0	276561.0	293239.0	313681.0	332361.0	356995.0	378240.0	401345.0	432968.0	468704.0	498546.0	537806.0	577509.0	624378.0	682005.0	745573.0	813811.0	888753.0	971837.0	1101425.0	1297919.0	1869636.0	6554165.0	13373399.0
trimmed_Res2_DNA_H1_1_paired	44718.0	95402.0	103622.0	112190.0	121732.0	133608.0	147610.0	167012.0	186662.0	204578.0	219036.0	231344.0	248558.0	271842.0	292854.0	310408.0	332982.0	365682.0	618992.0	1830502.0	493136.0	506432.0	568126.0	695230.0	1176126.0	7652132.0	35739570.0
trimmed_Res2_DNA_H1_2_paired	191548.0	404056.0	426042.0	448652.0	471530.0	496834.0	529994.0	560338.0	600996.0	635312.0	680152.0	729466.0	787600.0	840692.0	909308.0	972412.0	1051890.0	1152858.0	1261398.0	1376374.0	1504022.0	1630352.0	1842684.0	2161220.0	3065938.0	10130798.0	18007620.0
trimmed_Res2_DNA_H2_1_paired	36750.0	76805.0	82146.0	88962.0	97266.0	104362.0	114032.0	125250.0	139237.0	151467.0	162701.0	172836.0	186652.0	185963.0	196913.0	198783.0	211219.0	232019.0	319158.0	652619.0	305916.0	321731.0	351702.0	424661.0	700898.0	4781799.0	48393839.0
trimmed_Res2_DNA_H2_2_paired	150464.0	312869.0	327019.0	345958.0	368034.0	383878.0	405792.0	423003.0	442619.0	462602.0	485128.0	510075.0	532345.0	498920.0	517164.0	508410.0	534346.0	568760.0	605716.0	646463.0	701453.0	753401.0	847337.0	982314.0	1432971.0	7552726.0	37515919.0
trimmed_Res2_DNA_H3_1_paired	29644.0	63721.0	69399.0	75157.0	82568.0	89828.0	99848.0	111793.0	126268.0	138110.0	150393.0	159861.0	171963.0	187660.0	200802.0	213945.0	229627.0	254907.0	391011.0	1035268.0	344509.0	359631.0	398641.0	490440.0	833210.0	5110378.0	24027036.0
trimmed_Res2_DNA_H3_2_paired	134988.0	282771.0	299081.0	318614.0	337345.0	355549.0	378977.0	397945.0	423208.0	446558.0	471650.0	500112.0	534819.0	567953.0	608963.0	644418.0	691672.0	746142.0	808997.0	872670.0	951480.0	1027840.0	1155573.0	1349775.0	1916865.0	6507694.0	12713959.0
trimmed_Res2_DNA_H4_1_paired	27702.0	59087.0	64121.0	70157.0	76671.0	83788.0	92107.0	102853.0	114090.0	124898.0	136191.0	145025.0	157234.0	169546.0	177790.0	187956.0	201776.0	224371.0	322332.0	732339.0	303946.0	316600.0	351083.0	425084.0	705056.0	4369951.0	24148761.0
trimmed_Res2_DNA_H4_2_paired	115204.0	245238.0	258048.0	276341.0	295475.0	309916.0	326290.0	343702.0	364755.0	383618.0	402261.0	425353.0	451676.0	468099.0	494404.0	515852.0	549213.0	592526.0	636666.0	687736.0	742080.0	801091.0	899038.0	1043034.0	1485089.0	5595070.0	15182740.0
trimmed_Res2_DNA_H5_1_paired	31789.0	68268.0	74070.0	80902.0	88908.0	96681.0	107003.0	119769.0	132837.0	147299.0	158540.0	169440.0	182583.0	198229.0	210210.0	223664.0	239423.0	266433.0	385372.0	877685.0	356691.0	373175.0	411304.0	497763.0	821133.0	4661077.0	20391379.0
trimmed_Res2_DNA_H5_2_paired	129130.0	271099.0	286428.0	307229.0	326946.0	344636.0	366548.0	385415.0	407829.0	430180.0	453379.0	479950.0	512961.0	543359.0	578008.0	606288.0	647218.0	698261.0	755915.0	808135.0	874511.0	943178.0	1049812.0	1213373.0	1691657.0	5454618.0	10805564.0
trimmed_Res2_DNA_H6_1_paired	27372.0	57733.0	62351.0	68300.0	74984.0	80251.0	88572.0	99090.0	110254.0	120893.0	131488.0	138837.0	150417.0	163149.0	172949.0	181237.0	194396.0	216931.0	329186.0	844134.0	296848.0	306290.0	339205.0	414994.0	710168.0	4737090.0	25946409.0
trimmed_Res2_DNA_H6_2_paired	110982.0	233338.0	248167.0	264201.0	279842.0	295697.0	314549.0	330400.0	349400.0	369458.0	391464.0	415076.0	444520.0	464652.0	497115.0	524255.0	563519.0	611481.0	664851.0	723803.0	788896.0	860744.0	971754.0	1146803.0	1671687.0	6467598.0	16059276.0
trimmed_Res2_DNA_I1_1_paired	31200.0	65425.0	72082.0	78889.0	86010.0	93593.0	103596.0	115237.0	127814.0	138935.0	150541.0	160865.0	173696.0	188531.0	200398.0	209427.0	223897.0	247760.0	354555.0	799126.0	329231.0	345096.0	382760.0	463766.0	773168.0	4505752.0	19732484.0
trimmed_Res2_DNA_I1_2_paired	107672.0	227492.0	243978.0	260880.0	280137.0	296427.0	313700.0	329579.0	350225.0	368053.0	391110.0	413573.0	441876.0	470057.0	498384.0	527365.0	564374.0	608713.0	656185.0	709106.0	772131.0	833227.0	934683.0	1089792.0	1560091.0	5523524.0	11381500.0
trimmed_Res2_DNA_I2_1_paired	35559.0	70362.0	76366.0	82572.0	89386.0	96695.0	106180.0	116487.0	128769.0	140329.0	151350.0	163110.0	174558.0	177796.0	186264.0	188306.0	199767.0	222646.0	303184.0	622424.0	293566.0	310567.0	341435.0	412872.0	684597.0	4776473.0	48750760.0
trimmed_Res2_DNA_I2_2_paired	164986.0	342225.0	359642.0	378322.0	400745.0	417194.0	438518.0	456973.0	478812.0	497648.0	517927.0	544885.0	570142.0	532685.0	550991.0	537228.0	558692.0	600476.0	635465.0	679482.0	728727.0	779813.0	872290.0	1002607.0	1444241.0	7633662.0	36778002.0
trimmed_Res2_DNA_I3_1_paired	30736.0	62336.0	68511.0	74656.0	81367.0	87708.0	97668.0	108804.0	120365.0	131175.0	141420.0	151564.0	164871.0	177068.0	188167.0	197259.0	211517.0	234669.0	333379.0	747830.0	312497.0	329310.0	361544.0	439313.0	723392.0	4501643.0	23574624.0
trimmed_Res2_DNA_I3_2_paired	108703.0	227732.0	242019.0	257875.0	277478.0	294158.0	311250.0	327545.0	347860.0	367370.0	387324.0	411050.0	438037.0	458906.0	487192.0	514094.0	546822.0	591516.0	640966.0	692986.0	752212.0	812517.0	913449.0	1060068.0	1517622.0	5748164.0	14918478.0
trimmed_Res2_DNA_I4_1_paired	31727.0	66906.0	72546.0	78830.0	84768.0	92654.0	102721.0	113581.0	125688.0	138650.0	149161.0	158492.0	171287.0	186472.0	199318.0	208777.0	223342.0	247908.0	362959.0	882280.0	328886.0	345975.0	382990.0	463767.0	778757.0	4787208.0	22090200.0
trimmed_Res2_DNA_I4_2_paired	98087.0	205994.0	219751.0	236334.0	254294.0	270049.0	285195.0	302748.0	322917.0	343135.0	364111.0	388571.0	418268.0	447029.0	481053.0	512396.0	553561.0	603704.0	661063.0	717299.0	787440.0	858037.0	973112.0	1150387.0	1684667.0	6298306.0	13438342.0
trimmed_Res2_DNA_I5_1_paired	35791.0	74339.0	81467.0	88448.0	96586.0	104545.0	115768.0	128575.0	141935.0	154656.0	167963.0	178083.0	192404.0	206517.0	219388.0	227073.0	242785.0	268179.0	370582.0	776927.0	348136.0	366713.0	404328.0	486340.0	803936.0	4485146.0	23920074.0
trimmed_Res2_DNA_I5_2_paired	120969.0	253904.0	270722.0	289261.0	309737.0	327597.0	345011.0	363404.0	383506.0	403740.0	425749.0	448745.0	474857.0	492769.0	520648.0	540950.0	573441.0	617195.0	664752.0	712958.0	771112.0	826808.0	924362.0	1066923.0	1513400.0	5611521.0	15432643.0
trimmed_Res2_DNA_I6_1_paired	32685.0	65593.0	72719.0	78446.0	85443.0	93087.0	102447.0	114015.0	126892.0	138545.0	148759.0	160204.0	172466.0	186764.0	197744.0	206419.0	220897.0	245508.0	356575.0	836314.0	323207.0	341781.0	377428.0	456424.0	768099.0	4688637.0	20943215.0
trimmed_Res2_DNA_I6_2_paired	102325.0	213801.0	230353.0	244834.0	263178.0	279608.0	296429.0	313512.0	334058.0	351943.0	372337.0	396943.0	425680.0	452369.0	486027.0	514172.0	552221.0	601158.0	654696.0	712153.0	777428.0	840988.0	953213.0	1122463.0	1625586.0	6024802.0	12398036.0
trimmed_Res2_DNA_J1_1_paired	29062.0	60410.0	64893.0	70924.0	77013.0	84136.0	92489.0	101846.0	113366.0	123774.0	134008.0	142944.0	154571.0	165293.0	175907.0	182186.0	194764.0	216765.0	309283.0	703808.0	287185.0	304384.0	334782.0	407835.0	686962.0	4442752.0	25989396.0
trimmed_Res2_DNA_J1_2_paired	107123.0	226267.0	241099.0	255973.0	273516.0	288783.0	306052.0	320629.0	339968.0	358305.0	377381.0	400252.0	426009.0	440496.0	466760.0	486301.0	519965.0	561374.0	607568.0	656474.0	713414.0	772676.0	868600.0	1016132.0	1473257.0	5925125.0	17221239.0
trimmed_Res2_DNA_J2_1_paired	32640.0	67419.0	72644.0	79286.0	86180.0	92510.0	102304.0	112648.0	125789.0	135449.0	146262.0	156653.0	168498.0	182841.0	193498.0	202380.0	216178.0	240492.0	361871.0	913051.0	318345.0	333291.0	366625.0	443008.0	731495.0	5119428.0	23657892.0
trimmed_Res2_DNA_J2_2_paired	89312.0	189288.0	201608.0	215289.0	232802.0	245024.0	262474.0	276762.0	294288.0	314524.0	335464.0	359696.0	386974.0	414919.0	447628.0	480303.0	518886.0	570952.0	628431.0	689705.0	762137.0	840178.0	962131.0	1149313.0	1719408.0	7029393.0	15041788.0
trimmed_Res2_DNA_J4_1_paired	27730.0	58888.0	64383.0	70580.0	76390.0	82950.0	91674.0	102528.0	114585.0	124511.0	135755.0	144058.0	156047.0	169534.0	179541.0	188079.0	201508.0	224899.0	332335.0	809206.0	301225.0	315925.0	349691.0	427459.0	730387.0	4615583.0	21077603.0
trimmed_Res2_DNA_J4_2_paired	107372.0	223609.0	238967.0	256005.0	274367.0	288245.0	305694.0	321600.0	341379.0	359794.0	380778.0	405466.0	433265.0	459457.0	492552.0	519914.0	555728.0	603370.0	656039.0	713221.0	775196.0	841982.0	948858.0	1115774.0	1618078.0	5925812.0	12010532.0
trimmed_Res2_DNA_J5_1_paired	31997.0	68342.0	74305.0	80347.0	88316.0	95300.0	104390.0	116726.0	130183.0	140670.0	151780.0	163133.0	175469.0	188450.0	200464.0	209970.0	221865.0	246959.0	354250.0	797063.0	325008.0	341580.0	377541.0	458016.0	767599.0	4620929.0	22264030.0
trimmed_Res2_DNA_J5_2_paired	101934.0	213938.0	228658.0	245826.0	264861.0	278125.0	295419.0	311428.0	333476.0	351631.0	371682.0	395662.0	423036.0	446899.0	478426.0	505917.0	540215.0	585815.0	637389.0	690648.0	756120.0	820111.0	922288.0	1087596.0	1577015.0	5920777.0	14009790.0
trimmed_Res2_DNA_J6_1_paired	32878.0	69318.0	76384.0	83386.0	90466.0	98605.0	109142.0	119763.0	133312.0	145759.0	156224.0	166862.0	180476.0	193812.0	203727.0	212482.0	226530.0	248995.0	362112.0	814995.0	327600.0	346717.0	381837.0	468934.0	799277.0	4724396.0	23393738.0
trimmed_Res2_DNA_J6_2_paired	111228.0	233784.0	248583.0	266503.0	287202.0	302488.0	320345.0	337074.0	358757.0	378744.0	398863.0	423389.0	450291.0	476620.0	508206.0	532110.0	567540.0	615878.0	667229.0	724393.0	789487.0	854962.0	962698.0	1127366.0	1625511.0	6030238.0	14568238.0
