	27.0	28.0	29.0	30.0	31.0	32.0	33.0	34.0	35.0	36.0	37.0
trimmed_Res2_Phage_A1_1_paired	1.0	9.0	53.0	396.0	1768.0	7138.0	22167.0	63631.0	174347.0	431040.0	1244366.0
	27.0	28.0	29.0	30.0	31.0	32.0	33.0	34.0	35.0	36.0	37.0
trimmed_Res2_Phage_A1_2_paired	30.0	270.0	1688.0	6615.0	19265.0	46514.0	96643.0	180588.0	324897.0	542614.0	725792.0
	28.0	29.0	30.0	31.0	32.0	33.0	34.0	35.0	36.0	37.0
trimmed_Res2_Phage_A2_1_paired	14.0	118.0	698.0	2736.0	8733.0	22279.0	51666.0	123778.0	358902.0	1834734.0
	27.0	28.0	29.0	30.0	31.0	32.0	33.0	34.0	35.0	36.0	37.0
trimmed_Res2_Phage_A2_2_paired	10.0	83.0	504.0	2119.0	6923.0	18636.0	44118.0	95400.0	213399.0	483204.0	1539262.0
	29.0	30.0	31.0	32.0	33.0	34.0	35.0	36.0	37.0
trimmed_Res2_Phage_A3_1_paired	1.0	17.0	87.0	416.0	1585.0	5519.0	17164.0	38205.0	44342.0
	27.0	28.0	29.0	30.0	31.0	32.0	33.0	34.0	35.0	36.0	37.0
trimmed_Res2_Phage_A3_2_paired	5.0	55.0	222.0	945.0	2639.0	5694.0	10524.0	17412.0	26324.0	27369.0	16147.0
	28.0	29.0	30.0	31.0	32.0	33.0	34.0	35.0	36.0	37.0
trimmed_Res2_Phage_A4_1_paired	1.0	6.0	71.0	300.0	1055.0	3281.0	8986.0	24382.0	63301.0	359332.0
	26.0	27.0	28.0	29.0	30.0	31.0	32.0	33.0	34.0	35.0	36.0	37.0
trimmed_Res2_Phage_A4_2_paired	1.0	2.0	27.0	160.0	597.0	1752.0	4527.0	10194.0	21676.0	46785.0	108409.0	266585.0
	28.0	29.0	30.0	31.0	32.0	33.0	34.0	35.0	36.0	37.0
trimmed_Res2_Phage_A5_1_paired	3.0	29.0	146.0	621.0	2370.0	7061.0	19261.0	51909.0	135295.0	537281.0
	26.0	27.0	28.0	29.0	30.0	31.0	32.0	33.0	34.0	35.0	36.0	37.0
trimmed_Res2_Phage_A5_2_paired	1.0	1.0	61.0	433.0	1570.0	4794.0	12094.0	26224.0	51611.0	100892.0	187600.0	368695.0
	28.0	29.0	30.0	31.0	32.0	33.0	34.0	35.0	36.0	37.0
trimmed_Res2_Phage_A6_1_paired	1.0	5.0	18.0	125.0	603.0	1873.0	5940.0	19226.0	49988.0	124410.0
	27.0	28.0	29.0	30.0	31.0	32.0	33.0	34.0	35.0	36.0	37.0
trimmed_Res2_Phage_A6_2_paired	10.0	69.0	306.0	1025.0	2998.0	6983.0	13458.0	22818.0	36578.0	53049.0	64895.0
	28.0	29.0	30.0	31.0	32.0	33.0	34.0	35.0	36.0	37.0
trimmed_Res2_Phage_B1_1_paired	7.0	63.0	460.0	2048.0	7306.0	21681.0	57208.0	147843.0	356185.0	1180526.0
	27.0	28.0	29.0	30.0	31.0	32.0	33.0	34.0	35.0	36.0	37.0
trimmed_Res2_Phage_B1_2_paired	7.0	109.0	603.0	2549.0	8538.0	22854.0	53049.0	112689.0	233195.0	429745.0	909989.0
	26.0	27.0	28.0	29.0	30.0	31.0	32.0	33.0	34.0	35.0	36.0	37.0
trimmed_Res2_Phage_B2_1_paired	1.0	1.0	18.0	141.0	872.0	3910.0	12577.0	34416.0	82892.0	199499.0	541363.0	3230414.0
	26.0	27.0	28.0	29.0	30.0	31.0	32.0	33.0	34.0	35.0	36.0	37.0
trimmed_Res2_Phage_B2_2_paired	4.0	27.0	294.0	1653.0	6308.0	19071.0	48006.0	104890.0	208913.0	425685.0	946595.0	2344658.0
	27.0	28.0	29.0	30.0	31.0	32.0	33.0	34.0	35.0	36.0	37.0
trimmed_Res2_Phage_B3_1_paired	1.0	1.0	2.0	28.0	202.0	652.0	2491.0	7653.0	22830.0	60522.0	165985.0
	26.0	27.0	28.0	29.0	30.0	31.0	32.0	33.0	34.0	35.0	36.0	37.0
trimmed_Res2_Phage_B3_2_paired	1.0	2.0	36.0	191.0	766.0	2185.0	5493.0	11779.0	22758.0	45387.0	78385.0	93384.0
	28.0	29.0	30.0	31.0	32.0	33.0	34.0	35.0	36.0	37.0
trimmed_Res2_Phage_B4_1_paired	5.0	38.0	258.0	1281.0	4705.0	14408.0	40012.0	105940.0	256305.0	852072.0
	26.0	27.0	28.0	29.0	30.0	31.0	32.0	33.0	34.0	35.0	36.0	37.0
trimmed_Res2_Phage_B4_2_paired	1.0	8.0	81.0	522.0	2174.0	7265.0	18533.0	41385.0	84599.0	171340.0	322009.0	627107.0
	29.0	30.0	31.0	32.0	33.0	34.0	35.0	36.0	37.0
trimmed_Res2_Phage_B5_1_paired	9.0	79.0	365.0	1232.0	3606.0	9369.0	22850.0	54618.0	202870.0
	27.0	28.0	29.0	30.0	31.0	32.0	33.0	34.0	35.0	36.0	37.0
trimmed_Res2_Phage_B5_2_paired	1.0	25.0	149.0	546.0	1770.0	4545.0	10233.0	20266.0	38862.0	68882.0	149719.0
	28.0	29.0	30.0	31.0	32.0	33.0	34.0	35.0	36.0	37.0
trimmed_Res2_Phage_B6_1_paired	2.0	26.0	252.0	1161.0	3843.0	10693.0	25472.0	57700.0	130097.0	544728.0
	27.0	28.0	29.0	30.0	31.0	32.0	33.0	34.0	35.0	36.0	37.0
trimmed_Res2_Phage_B6_2_paired	1.0	36.0	191.0	814.0	2895.0	8309.0	19748.0	41642.0	84986.0	166705.0	448647.0
	28.0	29.0	30.0	31.0	32.0	33.0	34.0	35.0	36.0	37.0
trimmed_Res2_Phage_C1_1_paired	7.0	76.0	510.0	2522.0	9003.0	26916.0	72020.0	187529.0	424066.0	1293647.0
	26.0	27.0	28.0	29.0	30.0	31.0	32.0	33.0	34.0	35.0	36.0	37.0
trimmed_Res2_Phage_C1_2_paired	3.0	25.0	180.0	1037.0	4271.0	13647.0	34113.0	75370.0	150055.0	291439.0	506337.0	939819.0
	28.0	29.0	30.0	31.0	32.0	33.0	34.0	35.0	36.0	37.0
trimmed_Res2_Phage_C2_1_paired	2.0	18.0	137.0	567.0	2095.0	6338.0	17660.0	48666.0	122449.0	447694.0
	27.0	28.0	29.0	30.0	31.0	32.0	33.0	34.0	35.0	36.0	37.0
trimmed_Res2_Phage_C2_2_paired	9.0	76.0	413.0	1765.0	5319.0	13309.0	28496.0	54668.0	97273.0	156966.0	287332.0
	29.0	30.0	31.0	32.0	33.0	34.0	35.0	36.0	37.0
trimmed_Res2_Phage_C3_1_paired	21.0	126.0	590.0	2415.0	8509.0	24747.0	70130.0	157994.0	316380.0
	26.0	27.0	28.0	29.0	30.0	31.0	32.0	33.0	34.0	35.0	36.0	37.0
trimmed_Res2_Phage_C3_2_paired	1.0	12.0	109.0	546.0	2242.0	6785.0	16726.0	34057.0	64313.0	114331.0	163083.0	178707.0
	27.0	28.0	29.0	30.0	31.0	32.0	33.0	34.0	35.0	36.0	37.0
trimmed_Res2_Phage_C4_1_paired	2.0	1.0	33.0	242.0	1166.0	4218.0	12635.0	34472.0	91962.0	232591.0	961637.0
	27.0	28.0	29.0	30.0	31.0	32.0	33.0	34.0	35.0	36.0	37.0
trimmed_Res2_Phage_C4_2_paired	6.0	74.0	464.0	1784.0	6017.0	16267.0	37999.0	79834.0	167323.0	323245.0	705946.0
	28.0	29.0	30.0	31.0	32.0	33.0	34.0	35.0	36.0	37.0
trimmed_Res2_Phage_C5_1_paired	5.0	37.0	176.0	959.0	3270.0	9493.0	24843.0	61767.0	152278.0	561958.0
	26.0	27.0	28.0	29.0	30.0	31.0	32.0	33.0	34.0	35.0	36.0	37.0
trimmed_Res2_Phage_C5_2_paired	1.0	7.0	66.0	364.0	1511.0	4875.0	12828.0	28221.0	55890.0	108499.0	194095.0	408429.0
	28.0	29.0	30.0	31.0	32.0	33.0	34.0	35.0	36.0	37.0
trimmed_Res2_Phage_C6_1_paired	4.0	12.0	93.0	457.0	1546.0	5263.0	15833.0	44547.0	111027.0	367494.0
	27.0	28.0	29.0	30.0	31.0	32.0	33.0	34.0	35.0	36.0	37.0
trimmed_Res2_Phage_C6_2_paired	4.0	72.0	361.0	1448.0	4396.0	10931.0	23188.0	44847.0	83271.0	144548.0	233210.0
	27.0	28.0	29.0	30.0	31.0	32.0	33.0	34.0	35.0	36.0	37.0
trimmed_Res2_Phage_D1_1_paired	3.0	7.0	21.0	171.0	846.0	3252.0	10419.0	30559.0	83574.0	200761.0	620810.0
	27.0	28.0	29.0	30.0	31.0	32.0	33.0	34.0	35.0	36.0	37.0
trimmed_Res2_Phage_D1_2_paired	14.0	103.0	548.0	2281.0	6819.0	17539.0	38255.0	75983.0	147017.0	249170.0	412694.0
	27.0	28.0	29.0	30.0	31.0	32.0	33.0	34.0	35.0	36.0	37.0
trimmed_Res2_Phage_D2_1_paired	1.0	6.0	38.0	327.0	1518.0	5726.0	18032.0	50096.0	132315.0	301830.0	756012.0
	27.0	28.0	29.0	30.0	31.0	32.0	33.0	34.0	35.0	36.0	37.0
trimmed_Res2_Phage_D2_2_paired	13.0	141.0	724.0	3051.0	9370.0	24057.0	52994.0	106230.0	207719.0	345671.0	515931.0
	28.0	29.0	30.0	31.0	32.0	33.0	34.0	35.0	36.0	37.0
trimmed_Res2_Phage_D3_1_paired	4.0	48.0	280.0	1295.0	4630.0	13359.0	36682.0	96841.0	239263.0	748542.0
	26.0	27.0	28.0	29.0	30.0	31.0	32.0	33.0	34.0	35.0	36.0	37.0
trimmed_Res2_Phage_D3_2_paired	2.0	4.0	84.0	490.0	1857.0	5779.0	15281.0	34449.0	71747.0	148327.0	273862.0	589062.0
	28.0	29.0	30.0	31.0	32.0	33.0	34.0	35.0	36.0	37.0
trimmed_Res2_Phage_D4_1_paired	5.0	6.0	82.0	368.0	1311.0	3954.0	10266.0	27029.0	72517.0	332808.0
	27.0	28.0	29.0	30.0	31.0	32.0	33.0	34.0	35.0	36.0	37.0
trimmed_Res2_Phage_D4_2_paired	1.0	9.0	70.0	366.0	1222.0	3672.0	8921.0	20162.0	47052.0	102908.0	263963.0
	27.0	28.0	29.0	30.0	31.0	32.0	33.0	34.0	35.0	36.0	37.0
trimmed_Res2_Phage_D5_1_paired	1.0	6.0	45.0	283.0	1340.0	4707.0	13526.0	35224.0	90074.0	233503.0	937688.0
	27.0	28.0	29.0	30.0	31.0	32.0	33.0	34.0	35.0	36.0	37.0
trimmed_Res2_Phage_D5_2_paired	13.0	74.0	440.0	1930.0	6417.0	16549.0	38303.0	81659.0	164800.0	314641.0	691571.0
	28.0	29.0	30.0	31.0	32.0	33.0	34.0	35.0	36.0	37.0
trimmed_Res2_Phage_D6_1_paired	5.0	58.0	377.0	1542.0	5369.0	14937.0	36690.0	90545.0	249174.0	1221103.0
	27.0	28.0	29.0	30.0	31.0	32.0	33.0	34.0	35.0	36.0	37.0
trimmed_Res2_Phage_D6_2_paired	14.0	70.0	551.0	2304.0	7492.0	19616.0	44090.0	89146.0	179289.0	361257.0	915971.0
	26.0	27.0	28.0	29.0	30.0	31.0	32.0	33.0	34.0	35.0	36.0	37.0
trimmed_Res2_Phage_E1_1_paired	1.0	4.0	16.0	137.0	751.0	3424.0	11509.0	32618.0	86040.0	230387.0	660264.0	3398791.0
	26.0	27.0	28.0	29.0	30.0	31.0	32.0	33.0	34.0	35.0	36.0	37.0
trimmed_Res2_Phage_E1_2_paired	3.0	41.0	369.0	2139.0	8251.0	24454.0	60510.0	130268.0	260916.0	522466.0	1078353.0	2336172.0
	27.0	28.0	29.0	30.0	31.0	32.0	33.0	34.0	35.0	36.0	37.0
trimmed_Res2_Phage_E2_1_paired	1.0	2.0	61.0	369.0	1701.0	5450.0	15453.0	38811.0	98727.0	283536.0	1057633.0
	26.0	27.0	28.0	29.0	30.0	31.0	32.0	33.0	34.0	35.0	36.0	37.0
trimmed_Res2_Phage_E2_2_paired	1.0	13.0	108.0	675.0	2771.0	8815.0	22691.0	49598.0	99279.0	196205.0	365767.0	755821.0
	27.0	28.0	29.0	30.0	31.0	32.0	33.0	34.0	35.0	36.0	37.0
trimmed_Res2_Phage_E3_1_paired	1.0	2.0	44.0	347.0	1414.0	4551.0	12669.0	31055.0	79535.0	221856.0	915405.0
	27.0	28.0	29.0	30.0	31.0	32.0	33.0	34.0	35.0	36.0	37.0
trimmed_Res2_Phage_E3_2_paired	11.0	72.0	485.0	2228.0	6993.0	18138.0	40430.0	81512.0	159937.0	294648.0	662425.0
	27.0	28.0	29.0	30.0	31.0	32.0	33.0	34.0	35.0	36.0	37.0
trimmed_Res2_Phage_E4_1_paired	1.0	26.0	258.0	1425.0	6259.0	20008.0	52352.0	124915.0	301283.0	814158.0	4124169.0
	26.0	27.0	28.0	29.0	30.0	31.0	32.0	33.0	34.0	35.0	36.0	37.0
trimmed_Res2_Phage_E4_2_paired	2.0	42.0	486.0	2696.0	10274.0	31306.0	75923.0	159338.0	309098.0	604684.0	1263899.0	2987106.0
	28.0	29.0	30.0	31.0	32.0	33.0	34.0	35.0	36.0	37.0
trimmed_Res2_Phage_E5_1_paired	1.0	10.0	61.0	266.0	1007.0	3493.0	10703.0	33421.0	99257.0	449151.0
	26.0	27.0	28.0	29.0	30.0	31.0	32.0	33.0	34.0	35.0	36.0	37.0
trimmed_Res2_Phage_E5_2_paired	1.0	0.0	40.0	183.0	897.0	2719.0	7187.0	16549.0	36490.0	80732.0	165868.0	286704.0
	28.0	29.0	30.0	31.0	32.0	33.0	34.0	35.0	36.0	37.0
trimmed_Res2_Phage_E6_1_paired	2.0	15.0	90.0	561.0	2167.0	7306.0	22980.0	67368.0	155723.0	357439.0
	26.0	27.0	28.0	29.0	30.0	31.0	32.0	33.0	34.0	35.0	36.0	37.0
trimmed_Res2_Phage_E6_2_paired	1.0	12.0	166.0	799.0	2963.0	8357.0	19119.0	37636.0	66686.0	113509.0	164285.0	200118.0
	27.0	28.0	29.0	30.0	31.0	32.0	33.0	34.0	35.0	36.0	37.0
trimmed_Res2_Phage_F1_1_paired	2.0	6.0	83.0	521.0	2271.0	7886.0	22356.0	59310.0	157141.0	419710.0	1457480.0
	26.0	27.0	28.0	29.0	30.0	31.0	32.0	33.0	34.0	35.0	36.0	37.0
trimmed_Res2_Phage_F1_2_paired	4.0	28.0	373.0	1961.0	7294.0	21188.0	50065.0	102287.0	190050.0	334758.0	532351.0	886407.0
	28.0	29.0	30.0	31.0	32.0	33.0	34.0	35.0	36.0	37.0
trimmed_Res2_Phage_F2_1_paired	4.0	59.0	290.0	1221.0	3950.0	10932.0	27801.0	70608.0	181761.0	748509.0
	26.0	27.0	28.0	29.0	30.0	31.0	32.0	33.0	34.0	35.0	36.0	37.0
trimmed_Res2_Phage_F2_2_paired	1.0	14.0	116.0	758.0	2790.0	8379.0	20210.0	41314.0	77294.0	136936.0	224192.0	533131.0
	27.0	28.0	29.0	30.0	31.0	32.0	33.0	34.0	35.0	36.0	37.0
trimmed_Res2_Phage_F3_1_paired	1.0	4.0	40.0	335.0	1512.0	5803.0	16548.0	43723.0	112679.0	275322.0	958933.0
	26.0	27.0	28.0	29.0	30.0	31.0	32.0	33.0	34.0	35.0	36.0	37.0
trimmed_Res2_Phage_F3_2_paired	1.0	11.0	90.0	517.0	2212.0	7030.0	17880.0	40364.0	83932.0	176035.0	341443.0	745385.0
	28.0	29.0	30.0	31.0	32.0	33.0	34.0	35.0	36.0	37.0
trimmed_Res2_Phage_F4_1_paired	1.0	18.0	172.0	743.0	2659.0	8424.0	23943.0	68076.0	186058.0	797788.0
	27.0	28.0	29.0	30.0	31.0	32.0	33.0	34.0	35.0	36.0	37.0
trimmed_Res2_Phage_F4_2_paired	13.0	124.0	670.0	2584.0	7990.0	19418.0	40962.0	79821.0	152270.0	282616.0	501414.0
	27.0	28.0	29.0	30.0	31.0	32.0	33.0	34.0	35.0	36.0	37.0
trimmed_Res2_Phage_F5_1_paired	2.0	6.0	27.0	149.0	754.0	2683.0	7490.0	19806.0	50049.0	125834.0	521948.0
	27.0	28.0	29.0	30.0	31.0	32.0	33.0	34.0	35.0	36.0	37.0
trimmed_Res2_Phage_F5_2_paired	3.0	49.0	266.0	1101.0	3591.0	9553.0	22600.0	47471.0	92601.0	168641.0	382872.0
	29.0	30.0	31.0	32.0	33.0	34.0	35.0	36.0	37.0
trimmed_Res2_Phage_F6_1_paired	16.0	80.0	402.0	1292.0	3693.0	10030.0	26572.0	74170.0	338234.0
	27.0	28.0	29.0	30.0	31.0	32.0	33.0	34.0	35.0	36.0	37.0
trimmed_Res2_Phage_F6_2_paired	5.0	51.0	244.0	1005.0	3025.0	7572.0	16007.0	30774.0	59503.0	109265.0	227038.0
	27.0	28.0	29.0	30.0	31.0	32.0	33.0	34.0	35.0	36.0	37.0
trimmed_Res2_Phage_G1_1_paired	1.0	19.0	84.0	663.0	2706.0	8984.0	23904.0	55861.0	126938.0	299857.0	1205700.0
	27.0	28.0	29.0	30.0	31.0	32.0	33.0	34.0	35.0	36.0	37.0
trimmed_Res2_Phage_G1_2_paired	8.0	92.0	515.0	2259.0	7332.0	20162.0	45721.0	95560.0	193017.0	392882.0	967169.0
	28.0	29.0	30.0	31.0	32.0	33.0	34.0	35.0	36.0	37.0
trimmed_Res2_Phage_G2_1_paired	4.0	40.0	248.0	1173.0	4492.0	13847.0	39442.0	104985.0	251745.0	764936.0
	27.0	28.0	29.0	30.0	31.0	32.0	33.0	34.0	35.0	36.0	37.0
trimmed_Res2_Phage_G2_2_paired	7.0	108.0	588.0	2471.0	7987.0	20361.0	45273.0	92713.0	184157.0	318197.0	509050.0
	26.0	27.0	28.0	29.0	30.0	31.0	32.0	33.0	34.0	35.0	36.0	37.0
trimmed_Res2_Phage_G3_1_paired	1.0	0.0	11.0	65.0	450.0	1972.0	6450.0	16983.0	40006.0	96692.0	259429.0	1074748.0
	27.0	28.0	29.0	30.0	31.0	32.0	33.0	34.0	35.0	36.0	37.0
trimmed_Res2_Phage_G3_2_paired	8.0	99.0	566.0	2468.0	8071.0	20960.0	46693.0	93791.0	185242.0	342699.0	796210.0
	27.0	28.0	29.0	30.0	31.0	32.0	33.0	34.0	35.0	36.0	37.0
trimmed_Res2_Phage_G4_1_paired	1.0	3.0	41.0	341.0	1566.0	5464.0	15385.0	37936.0	90167.0	215340.0	903780.0
	26.0	27.0	28.0	29.0	30.0	31.0	32.0	33.0	34.0	35.0	36.0	37.0
trimmed_Res2_Phage_G4_2_paired	1.0	10.0	64.0	448.0	2013.0	6429.0	16973.0	39376.0	80077.0	155401.0	291481.0	677751.0
	29.0	30.0	31.0	32.0	33.0	34.0	35.0	36.0	37.0
trimmed_Res2_Phage_G5_1_paired	23.0	128.0	608.0	2122.0	6352.0	17778.0	48085.0	121138.0	413544.0
	27.0	28.0	29.0	30.0	31.0	32.0	33.0	34.0	35.0	36.0	37.0
trimmed_Res2_Phage_G5_2_paired	5.0	38.0	310.0	1343.0	4215.0	10637.0	23426.0	47304.0	89253.0	147606.0	285641.0
	28.0	29.0	30.0	31.0	32.0	33.0	34.0	35.0	36.0	37.0
trimmed_Res2_Phage_G6_1_paired	2.0	14.0	69.0	303.0	1070.0	3671.0	11801.0	38281.0	110736.0	256049.0
	26.0	27.0	28.0	29.0	30.0	31.0	32.0	33.0	34.0	35.0	36.0	37.0
trimmed_Res2_Phage_G6_2_paired	1.0	1.0	60.0	335.0	1409.0	4359.0	10635.0	22400.0	44108.0	80676.0	114870.0	143142.0
	28.0	29.0	30.0	31.0	32.0	33.0	34.0	35.0	36.0	37.0
trimmed_Res2_Phage_H1_1_paired	3.0	39.0	243.0	1168.0	4394.0	13611.0	37991.0	103045.0	257237.0	871390.0
	26.0	27.0	28.0	29.0	30.0	31.0	32.0	33.0	34.0	35.0	36.0	37.0
trimmed_Res2_Phage_H1_2_paired	1.0	12.0	100.0	629.0	2589.0	8236.0	21361.0	47013.0	96267.0	189573.0	331064.0	592276.0
	26.0	27.0	28.0	29.0	30.0	31.0	32.0	33.0	34.0	35.0	36.0	37.0
trimmed_Res2_Phage_H2_1_paired	1.0	1.0	13.0	116.0	711.0	3059.0	10176.0	27591.0	66596.0	159480.0	413810.0	1691006.0
	26.0	27.0	28.0	29.0	30.0	31.0	32.0	33.0	34.0	35.0	36.0	37.0
trimmed_Res2_Phage_H2_2_paired	2.0	20.0	165.0	1010.0	4076.0	12897.0	34064.0	76055.0	155246.0	308084.0	572863.0	1208078.0
	27.0	28.0	29.0	30.0	31.0	32.0	33.0	34.0	35.0	36.0	37.0
trimmed_Res2_Phage_H3_1_paired	1.0	7.0	43.0	270.0	1301.0	4926.0	15415.0	44376.0	123833.0	330891.0	1038653.0
	26.0	27.0	28.0	29.0	30.0	31.0	32.0	33.0	34.0	35.0	36.0	37.0
trimmed_Res2_Phage_H3_2_paired	2.0	38.0	280.0	1526.0	5664.0	16171.0	37448.0	75435.0	139074.0	250323.0	424251.0	609504.0
	29.0	30.0	31.0	32.0	33.0	34.0	35.0	36.0	37.0
trimmed_Res2_Phage_H4_1_paired	12.0	83.0	329.0	1249.0	4042.0	11916.0	33907.0	91419.0	354015.0
	27.0	28.0	29.0	30.0	31.0	32.0	33.0	34.0	35.0	36.0	37.0
trimmed_Res2_Phage_H4_2_paired	11.0	81.0	424.0	1607.0	4472.0	10368.0	21028.0	38390.0	69615.0	122312.0	228664.0
	28.0	29.0	30.0	31.0	32.0	33.0	34.0	35.0	36.0	37.0
trimmed_Res2_Phage_H5_1_paired	1.0	2.0	32.0	117.0	422.0	1315.0	3955.0	11902.0	30383.0	92271.0
	27.0	28.0	29.0	30.0	31.0	32.0	33.0	34.0	35.0	36.0	37.0
trimmed_Res2_Phage_H5_2_paired	4.0	36.0	152.0	557.0	1603.0	3830.0	7450.0	13462.0	22956.0	35913.0	54437.0
	27.0	28.0	29.0	30.0	31.0	32.0	33.0	34.0	35.0	36.0	37.0
trimmed_Res2_Phage_H6_1_paired	1.0	3.0	20.0	196.0	912.0	2933.0	8199.0	20637.0	52732.0	142888.0	738153.0
	27.0	28.0	29.0	30.0	31.0	32.0	33.0	34.0	35.0	36.0	37.0
trimmed_Res2_Phage_H6_2_paired	3.0	59.0	352.0	1458.0	4480.0	11558.0	26449.0	54260.0	107690.0	212373.0	547992.0
	25.0	26.0	27.0	28.0	29.0	30.0	31.0	32.0	33.0	34.0	35.0	36.0	37.0
trimmed_Res2_Phage_I1_1_paired	1.0	0.0	2.0	4.0	46.0	289.0	1535.0	5555.0	16461.0	42784.0	108427.0	277345.0	1281546.0
	26.0	27.0	28.0	29.0	30.0	31.0	32.0	33.0	34.0	35.0	36.0	37.0
trimmed_Res2_Phage_I1_2_paired	1.0	4.0	83.0	541.0	2280.0	7618.0	20297.0	46501.0	98406.0	202215.0	406522.0	949527.0
	28.0	29.0	30.0	31.0	32.0	33.0	34.0	35.0	36.0	37.0
trimmed_Res2_Phage_I2_1_paired	4.0	47.0	238.0	1134.0	4080.0	11726.0	30262.0	75053.0	203734.0	1101926.0
	27.0	28.0	29.0	30.0	31.0	32.0	33.0	34.0	35.0	36.0	37.0
trimmed_Res2_Phage_I2_2_paired	3.0	53.0	419.0	1538.0	5045.0	14184.0	33266.0	72164.0	154800.0	339137.0	807595.0
	27.0	28.0	29.0	30.0	31.0	32.0	33.0	34.0	35.0	36.0	37.0
trimmed_Res2_Phage_I3_1_paired	1.0	2.0	27.0	125.0	541.0	1891.0	5546.0	15765.0	41834.0	123804.0	523245.0
	26.0	27.0	28.0	29.0	30.0	31.0	32.0	33.0	34.0	35.0	36.0	37.0
trimmed_Res2_Phage_I3_2_paired	1.0	0.0	27.0	143.0	692.0	2396.0	6756.0	16859.0	37745.0	87827.0	185828.0	374507.0
	28.0	29.0	30.0	31.0	32.0	33.0	34.0	35.0	36.0	37.0
trimmed_Res2_Phage_I4_1_paired	5.0	25.0	175.0	844.0	3021.0	9784.0	27487.0	74722.0	194059.0	643054.0
	27.0	28.0	29.0	30.0	31.0	32.0	33.0	34.0	35.0	36.0	37.0
trimmed_Res2_Phage_I4_2_paired	9.0	94.0	542.0	2232.0	7272.0	18713.0	41748.0	81386.0	155557.0	262889.0	382734.0
	26.0	27.0	28.0	29.0	30.0	31.0	32.0	33.0	34.0	35.0	36.0	37.0
trimmed_Res2_Phage_I5_1_paired	1.0	0.0	6.0	42.0	302.0	1199.0	4319.0	12081.0	31695.0	79080.0	224857.0	1143351.0
	27.0	28.0	29.0	30.0	31.0	32.0	33.0	34.0	35.0	36.0	37.0
trimmed_Res2_Phage_I5_2_paired	10.0	52.0	369.0	1678.0	5329.0	14412.0	34098.0	72944.0	159911.0	347025.0	861105.0
	27.0	28.0	29.0	30.0	31.0	32.0	33.0	34.0	35.0	36.0	37.0
trimmed_Res2_Phage_I6_1_paired	1.0	5.0	36.0	235.0	1019.0	3807.0	11179.0	29943.0	77699.0	206044.0	1129552.0
	26.0	27.0	28.0	29.0	30.0	31.0	32.0	33.0	34.0	35.0	36.0	37.0
trimmed_Res2_Phage_I6_2_paired	1.0	4.0	75.0	450.0	1813.0	5911.0	15533.0	35891.0	76047.0	161197.0	359334.0	803264.0
	28.0	29.0	30.0	31.0	32.0	33.0	34.0	35.0	36.0	37.0
trimmed_Res2_Phage_J1_1_paired	11.0	79.0	533.0	2456.0	8603.0	25203.0	67866.0	178141.0	394119.0	922073.0
	25.0	26.0	27.0	28.0	29.0	30.0	31.0	32.0	33.0	34.0	35.0	36.0	37.0
trimmed_Res2_Phage_J1_2_paired	1.0	3.0	17.0	175.0	1127.0	4481.0	13658.0	34055.0	72847.0	139897.0	261643.0	418150.0	653030.0
	27.0	28.0	29.0	30.0	31.0	32.0	33.0	34.0	35.0	36.0	37.0
trimmed_Res2_Phage_J2_1_paired	2.0	7.0	88.0	542.0	2397.0	7669.0	20966.0	49247.0	114898.0	297037.0	1586230.0
	26.0	27.0	28.0	29.0	30.0	31.0	32.0	33.0	34.0	35.0	36.0	37.0
trimmed_Res2_Phage_J2_2_paired	1.0	5.0	60.0	393.0	1660.0	6027.0	16705.0	41486.0	90285.0	197865.0	435945.0	1288651.0
	28.0	29.0	30.0	31.0	32.0	33.0	34.0	35.0	36.0	37.0
trimmed_Res2_Phage_J4_1_paired	7.0	61.0	409.0	1845.0	6556.0	18103.0	44954.0	106952.0	274924.0	1234132.0
	26.0	27.0	28.0	29.0	30.0	31.0	32.0	33.0	34.0	35.0	36.0	37.0
trimmed_Res2_Phage_J4_2_paired	1.0	5.0	96.0	602.0	2586.0	8391.0	22027.0	49950.0	102835.0	205519.0	405359.0	890572.0
	28.0	29.0	30.0	31.0	32.0	33.0	34.0	35.0	36.0	37.0
trimmed_Res2_Phage_J5_1_paired	3.0	17.0	84.0	450.0	1737.0	4986.0	14041.0	35276.0	88980.0	358199.0
	27.0	28.0	29.0	30.0	31.0	32.0	33.0	34.0	35.0	36.0	37.0
trimmed_Res2_Phage_J5_2_paired	3.0	38.0	256.0	952.0	2965.0	7506.0	16953.0	34163.0	67762.0	126355.0	246820.0
	28.0	29.0	30.0	31.0	32.0	33.0	34.0	35.0	36.0	37.0
trimmed_Res2_Phage_J6_1_paired	6.0	27.0	226.0	979.0	3518.0	11337.0	34037.0	98531.0	275629.0	718754.0
	27.0	28.0	29.0	30.0	31.0	32.0	33.0	34.0	35.0	36.0	37.0
trimmed_Res2_Phage_J6_2_paired	13.0	76.0	521.0	2180.0	6954.0	18392.0	41738.0	87278.0	182930.0	320980.0	481982.0

