Sample	77	82	87	92	97	102	107	112	117	122	127	132	137	142	147	152	157	162	167	172	177	182	187	192	197	202	207	212	217	222	227	232	237	242	247	252	257	262	267	272	277	282	287	292	297	301
trimmed_Res2_Phage_A1_1_paired	17325.0	17974.0	19229.0	19999.0	21490.0	22377.0	24025.0	25071.0	25859.0	27419.0	28436.0	30450.0	31521.0	32781.0	33977.0	35672.0	36755.0	38463.0	39446.0	40880.0	41717.0	42509.0	43162.0	44038.0	43506.0	43583.0	44576.0	43946.0	43658.0	43194.0	42814.0	41134.0	40680.0	39353.0	39398.0	38545.0	38616.0	39081.0	38445.0	37426.0	36081.0	32879.0	34069.0	36478.0	68387.0	338492.0
trimmed_Res2_Phage_A1_2_paired	23449.0	24470.0	26429.0	27716.0	29340.0	31079.0	33301.0	35029.0	36000.0	38208.0	39979.0	42670.0	43898.0	45272.0	46567.0	48315.0	50040.0	52380.0	52843.0	54287.0	55955.0	57387.0	56284.0	57063.0	56737.0	57087.0	56797.0	56634.0	56740.0	56290.0	55971.0	52970.0	51134.0	48158.0	46709.0	47111.0	48109.0	44602.0	43382.0	39038.0	34823.0	27581.0	20118.0	13597.0	11124.0	12243.0
trimmed_Res2_Phage_A2_1_paired	88730.0	90627.0	92935.0	92959.0	94189.0	92194.0	92030.0	89595.0	88057.0	85470.0	83025.0	80477.0	77387.0	74678.0	71130.0	68057.0	64833.0	61692.0	58623.0	56294.0	52382.0	49808.0	46940.0	44543.0	41490.0	38962.0	35366.0	32566.0	29072.0	26449.0	24259.0	22741.0	21365.0	20782.0	21265.0	21381.0	22997.0	25356.0	27997.0	30523.0	31035.0	28375.0	23880.0	18662.0	20806.0	41674.0
trimmed_Res2_Phage_A2_2_paired	90600.0	92469.0	94904.0	95453.0	96557.0	94776.0	95051.0	92199.0	90679.0	88629.0	85849.0	83104.0	80176.0	77070.0	73566.0	70736.0	67126.0	64443.0	61481.0	59220.0	55882.0	53336.0	50488.0	48146.0	46189.0	45164.0	43294.0	44634.0	48047.0	53041.0	56031.0	52427.0	44563.0	35229.0	24379.0	16170.0	10340.0	6911.0	4526.0	3320.0	2335.0	1730.0	1215.0	789.0	681.0	703.0
trimmed_Res2_Phage_A3_1_paired	443.0	529.0	515.0	535.0	613.0	646.0	658.0	718.0	725.0	846.0	869.0	923.0	1046.0	1029.0	1146.0	1154.0	1275.0	1342.0	1434.0	1534.0	1570.0	1667.0	1782.0	1879.0	1963.0	2016.0	2074.0	2217.0	2391.0	2496.0	2566.0	2571.0	2587.0	2643.0	2613.0	2719.0	2852.0	2953.0	2936.0	3229.0	3288.0	3110.0	3553.0	4075.0	6747.0	20859.0
trimmed_Res2_Phage_A3_2_paired	1449.0	1575.0	1610.0	1654.0	1703.0	1821.0	1964.0	2071.0	2099.0	2222.0	2304.0	2394.0	2507.0	2497.0	2626.0	2735.0	2911.0	3060.0	3198.0	3262.0	3497.0	3825.0	3896.0	3897.0	4036.0	4114.0	4027.0	3969.0	4128.0	3897.0	3699.0	3483.0	3136.0	2886.0	2578.0	2133.0	1619.0	1080.0	740.0	468.0	262.0	129.0	75.0	48.0	31.0	21.0
trimmed_Res2_Phage_A4_1_paired	10230.0	9918.0	9761.0	9614.0	9868.0	9589.0	9478.0	9337.0	9300.0	9211.0	9333.0	9135.0	9192.0	9106.0	8961.0	9071.0	8900.0	8953.0	9061.0	8863.0	8899.0	8898.0	8828.0	8825.0	8830.0	8486.0	8457.0	8348.0	8167.0	8151.0	7849.0	7524.0	7570.0	7034.0	7065.0	6848.0	6620.0	6432.0	6080.0	5936.0	5691.0	5292.0	5484.0	5947.0	12213.0	84360.0
trimmed_Res2_Phage_A4_2_paired	10611.0	10428.0	10336.0	10152.0	10398.0	10171.0	10107.0	10022.0	9933.0	9935.0	10040.0	9820.0	9965.0	9919.0	9785.0	9908.0	9811.0	9921.0	10092.0	9858.0	10095.0	10311.0	10072.0	10159.0	10284.0	10035.0	10011.0	10044.0	10136.0	10174.0	10328.0	10066.0	10207.0	9729.0	10214.0	10410.0	10979.0	11380.0	11759.0	12082.0	11425.0	10180.0	8276.0	6401.0	5820.0	8926.0
trimmed_Res2_Phage_A5_1_paired	12455.0	12896.0	14147.0	14487.0	15795.0	16053.0	17151.0	17699.0	18005.0	18303.0	18778.0	19107.0	18987.0	19212.0	18792.0	19380.0	18670.0	18681.0	18219.0	18313.0	17534.0	16944.0	16915.0	16467.0	15591.0	14862.0	14423.0	13640.0	13023.0	12365.0	11725.0	10821.0	10505.0	10238.0	9732.0	9651.0	9465.0	9542.0	9286.0	9035.0	8651.0	7644.0	7875.0	8326.0	19786.0	104800.0
trimmed_Res2_Phage_A5_2_paired	13930.0	14399.0	15899.0	16275.0	17731.0	18134.0	19406.0	20233.0	20476.0	20934.0	21599.0	22141.0	21751.0	22000.0	21714.0	22360.0	21610.0	21686.0	21221.0	21358.0	20715.0	20134.0	19905.0	19663.0	18600.0	18164.0	17281.0	17125.0	16671.0	16401.0	15866.0	14534.0	13517.0	12979.0	12397.0	12499.0	12615.0	12842.0	12145.0	11112.0	10548.0	11125.0	7456.0	5330.0	4425.0	5070.0
trimmed_Res2_Phage_A6_1_paired	1341.0	1470.0	1715.0	1725.0	1854.0	1992.0	2206.0	2280.0	2423.0	2525.0	2750.0	2777.0	2968.0	3262.0	3298.0	3513.0	3529.0	3772.0	3902.0	4158.0	4220.0	4390.0	4643.0	4539.0	4689.0	4542.0	4676.0	4729.0	4842.0	4764.0	4762.0	4790.0	4829.0	4795.0	4888.0	4709.0	4766.0	4864.0	4810.0	4715.0	4273.0	3968.0	3868.0	3989.0	6293.0	32376.0
trimmed_Res2_Phage_A6_2_paired	2463.0	2569.0	2977.0	2960.0	3274.0	3541.0	3916.0	4039.0	4225.0	4386.0	4579.0	4795.0	5014.0	5332.0	5269.0	5514.0	5577.0	5948.0	5788.0	5953.0	6136.0	6183.0	5999.0	5848.0	6026.0	5578.0	5597.0	5497.0	5456.0	5476.0	5234.0	4941.0	4661.0	4124.0	3967.0	3907.0	4144.0	4036.0	4248.0	4092.0	3780.0	2949.0	2106.0	1512.0	1198.0	1375.0
trimmed_Res2_Phage_B1_1_paired	47448.0	48593.0	51793.0	52411.0	53761.0	54395.0	55099.0	55759.0	56077.0	55681.0	55679.0	54737.0	54206.0	53614.0	52255.0	52025.0	50014.0	49395.0	48083.0	46338.0	45611.0	43878.0	42709.0	40942.0	38694.0	36826.0	34631.0	32916.0	30738.0	28698.0	26511.0	23043.0	22626.0	21570.0	21243.0	20663.0	20997.0	21625.0	22617.0	21976.0	20606.0	17579.0	14794.0	12334.0	15691.0	46446.0
trimmed_Res2_Phage_B1_2_paired	49698.0	50814.0	54711.0	55574.0	57153.0	58276.0	59364.0	60544.0	60606.0	60128.0	60775.0	60356.0	60055.0	59347.0	58056.0	57604.0	56263.0	56164.0	54566.0	52933.0	52608.0	51285.0	49527.0	47725.0	46189.0	44653.0	42076.0	40825.0	39939.0	38716.0	35820.0	30552.0	25751.0	20405.0	15698.0	12095.0	10767.0	7028.0	5502.0	4127.0	3100.0	2330.0	1464.0	903.0	629.0	626.0
trimmed_Res2_Phage_B2_1_paired	95207.0	97568.0	98769.0	98998.0	99497.0	98520.0	99660.0	98206.0	98029.0	97016.0	95396.0	94708.0	93479.0	92200.0	91235.0	90253.0	88957.0	87390.0	86863.0	85088.0	84187.0	82785.0	82011.0	80164.0	79068.0	77003.0	75534.0	74257.0	72698.0	71112.0	68983.0	67749.0	65474.0	62636.0	60362.0	57740.0	55095.0	52589.0	49936.0	47299.0	45251.0	41847.0	48065.0	55323.0	98471.0	563426.0
trimmed_Res2_Phage_B2_2_paired	99990.0	101875.0	104074.0	104792.0	104970.0	104298.0	106147.0	104511.0	103996.0	102834.0	101185.0	100336.0	99262.0	98492.0	97404.0	95758.0	95520.0	93958.0	94047.0	93358.0	94798.0	96631.0	90933.0	91045.0	90606.0	89965.0	89184.0	89648.0	90952.0	91969.0	96797.0	93950.0	96895.0	92577.0	94278.0	99563.0	105680.0	108174.0	111010.0	98421.0	78120.0	46716.0	28425.0	15326.0	9401.0	8233.0
trimmed_Res2_Phage_B3_1_paired	1994.0	2182.0	2249.0	2401.0	2499.0	2624.0	2793.0	2842.0	2978.0	3208.0	3172.0	3308.0	3446.0	3466.0	3770.0	3791.0	3940.0	3983.0	4219.0	4264.0	4481.0	4366.0	4547.0	4707.0	4731.0	4924.0	4927.0	5281.0	5084.0	5265.0	5097.0	5023.0	5030.0	4920.0	4853.0	4936.0	5211.0	5100.0	5174.0	5231.0	5261.0	5111.0	5587.0	6203.0	14527.0	61661.0
trimmed_Res2_Phage_B3_2_paired	2582.0	2789.0	2890.0	3119.0	3176.0	3419.0	3557.0	3672.0	3979.0	4223.0	4245.0	4364.0	4573.0	4664.0	4953.0	5018.0	5283.0	5413.0	5634.0	5961.0	6395.0	6440.0	6747.0	7019.0	7233.0	7633.0	7858.0	8225.0	8628.0	9103.0	9219.0	9695.0	9818.0	10085.0	10538.0	10535.0	10337.0	8460.0	6835.0	5137.0	3681.0	2787.0	1630.0	1185.0	830.0	800.0
trimmed_Res2_Phage_B4_1_paired	15115.0	16341.0	17755.0	19343.0	20662.0	22361.0	23995.0	25289.0	26747.0	28131.0	29545.0	30037.0	31010.0	32350.0	32307.0	32647.0	33622.0	33607.0	33895.0	33924.0	33856.0	33717.0	33460.0	33023.0	32231.0	31055.0	30201.0	29237.0	28393.0	27270.0	25691.0	23316.0	22680.0	22362.0	21855.0	21432.0	21754.0	21508.0	21769.0	21443.0	20337.0	18016.0	15496.0	14011.0	24056.0	108172.0
trimmed_Res2_Phage_B4_2_paired	16928.0	18253.0	20031.0	21840.0	23290.0	25378.0	27260.0	28812.0	30007.0	31874.0	33565.0	34656.0	35477.0	36756.0	36701.0	37153.0	38501.0	39133.0	39086.0	38972.0	39192.0	39491.0	38935.0	38749.0	38191.0	37689.0	36874.0	36590.0	36848.0	36813.0	35693.0	32440.0	28440.0	24551.0	21011.0	18634.0	18913.0	16457.0	15568.0	14485.0	13299.0	13851.0	9640.0	6844.0	5574.0	6579.0
trimmed_Res2_Phage_B5_1_paired	9718.0	9867.0	10211.0	10271.0	10304.0	10306.0	10278.0	10216.0	9843.0	9785.0	9643.0	9318.0	9013.0	8707.0	8488.0	8232.0	7972.0	7622.0	7332.0	6909.0	6638.0	6418.0	6208.0	5827.0	5519.0	5150.0	4991.0	4540.0	4177.0	3986.0	3545.0	3163.0	3059.0	2818.0	2829.0	2835.0	2857.0	3008.0	3066.0	3106.0	2994.0	2632.0	2485.0	2449.0	3853.0	12810.0
trimmed_Res2_Phage_B5_2_paired	10241.0	10404.0	10848.0	10838.0	10943.0	10976.0	11040.0	10985.0	10660.0	10613.0	10485.0	10197.0	9981.0	9547.0	9360.0	9117.0	8905.0	8652.0	8246.0	7865.0	7659.0	7533.0	7231.0	7045.0	6699.0	6426.0	6199.0	5976.0	5994.0	5932.0	5509.0	4902.0	4033.0	3303.0	2822.0	2425.0	1845.0	1263.0	926.0	536.0	311.0	220.0	136.0	63.0	59.0	48.0
trimmed_Res2_Phage_B6_1_paired	27075.0	27747.0	29188.0	29375.0	29794.0	29540.0	29906.0	29188.0	28832.0	28569.0	27777.0	26755.0	26392.0	25417.0	24641.0	23719.0	22901.0	21929.0	20386.0	19700.0	18749.0	17747.0	16868.0	15949.0	14685.0	13571.0	12943.0	11899.0	10689.0	10023.0	8955.0	7607.0	7092.0	6455.0	5926.0	5278.0	5142.0	4788.0	4528.0	4193.0	3871.0	3339.0	3193.0	3288.0	5643.0	22722.0
trimmed_Res2_Phage_B6_2_paired	27794.0	28452.0	30086.0	30351.0	30866.0	30779.0	31193.0	30724.0	30148.0	29938.0	29332.0	28367.0	27947.0	26789.0	26013.0	24983.0	24327.0	23357.0	21687.0	20870.0	19954.0	18854.0	17871.0	16793.0	15666.0	14654.0	13795.0	12732.0	11609.0	10912.0	9782.0	8648.0	7524.0	6784.0	6091.0	5591.0	5015.0	4120.0	3351.0	2765.0	2195.0	1941.0	1280.0	814.0	614.0	616.0
trimmed_Res2_Phage_C1_1_paired	48493.0	49838.0	50781.0	51313.0	52075.0	52341.0	52846.0	52767.0	52356.0	52244.0	51371.0	51519.0	50636.0	50189.0	48922.0	48435.0	47446.0	46952.0	45845.0	45030.0	43476.0	43147.0	42629.0	41750.0	40328.0	39086.0	37988.0	36839.0	36206.0	34844.0	33265.0	31201.0	30772.0	29937.0	29774.0	29288.0	28608.0	28932.0	28149.0	27231.0	25410.0	22074.0	20751.0	20924.0	40645.0	191643.0
trimmed_Res2_Phage_C1_2_paired	52056.0	53379.0	55151.0	55929.0	57013.0	57653.0	58624.0	59448.0	58636.0	58732.0	58479.0	59621.0	58363.0	58261.0	56860.0	56417.0	56104.0	55978.0	54933.0	53893.0	53429.0	53530.0	51916.0	51722.0	50741.0	49772.0	47803.0	46471.0	46134.0	44919.0	42528.0	39468.0	35700.0	32994.0	30769.0	29517.0	29325.0	25615.0	23193.0	20042.0	17959.0	18678.0	12822.0	9093.0	7353.0	9273.0
trimmed_Res2_Phage_C2_1_paired	18907.0	19577.0	19964.0	20218.0	20795.0	20900.0	20920.0	20457.0	20318.0	20165.0	20045.0	19237.0	18911.0	18643.0	18194.0	17555.0	17227.0	16663.0	15796.0	15641.0	14943.0	14308.0	13444.0	12867.0	12159.0	11416.0	10789.0	10191.0	9703.0	9082.0	8377.0	7709.0	7526.0	7099.0	7043.0	6943.0	7118.0	7244.0	7021.0	6902.0	6499.0	5771.0	5506.0	5635.0	10037.0	40161.0
trimmed_Res2_Phage_C2_2_paired	20755.0	21294.0	21975.0	22495.0	23071.0	23222.0	23571.0	23109.0	22970.0	22917.0	22908.0	22307.0	21895.0	21572.0	21062.0	20217.0	20014.0	19566.0	18633.0	18304.0	17510.0	16922.0	15832.0	15308.0	14638.0	13806.0	13009.0	12543.0	12123.0	11364.0	10563.0	9367.0	8150.0	7022.0	6565.0	6058.0	5293.0	4296.0	3709.0	2772.0	2181.0	1836.0	1065.0	743.0	531.0	563.0
trimmed_Res2_Phage_C3_1_paired	5076.0	5420.0	5904.0	5987.0	6409.0	6868.0	7157.0	7491.0	7983.0	8328.0	8771.0	9148.0	9611.0	9964.0	10431.0	10875.0	11348.0	11777.0	12340.0	12631.0	13271.0	13585.0	14043.0	14074.0	14385.0	14813.0	14840.0	14728.0	14615.0	14921.0	14412.0	13860.0	13754.0	13567.0	13543.0	13146.0	13325.0	13546.0	13513.0	12948.0	12109.0	10507.0	9665.0	9857.0	17526.0	68840.0
trimmed_Res2_Phage_C3_2_paired	7150.0	7393.0	8246.0	8480.0	9075.0	9801.0	10222.0	10783.0	11509.0	12055.0	12652.0	13642.0	13937.0	14448.0	15112.0	15717.0	16493.0	17038.0	17644.0	18290.0	18933.0	19779.0	19746.0	19994.0	20094.0	20539.0	19899.0	19697.0	19572.0	19279.0	18160.0	16740.0	15043.0	13386.0	12613.0	11556.0	10510.0	8625.0	6980.0	5418.0	4259.0	3925.0	2363.0	1580.0	1271.0	1264.0
trimmed_Res2_Phage_C4_1_paired	19155.0	20718.0	22331.0	24201.0	25838.0	27236.0	28993.0	30680.0	32409.0	33371.0	34874.0	36276.0	36880.0	37783.0	38276.0	38820.0	39393.0	39441.0	39538.0	38901.0	38648.0	38215.0	37471.0	36350.0	34763.0	33509.0	32066.0	30121.0	28658.0	26923.0	24859.0	22354.0	21383.0	20370.0	19422.0	18351.0	17778.0	17235.0	16449.0	15754.0	14441.0	12323.0	11348.0	11253.0	20193.0	93608.0
trimmed_Res2_Phage_C4_2_paired	20975.0	22491.0	24449.0	26441.0	28288.0	29868.0	31973.0	33902.0	35599.0	36527.0	38609.0	40501.0	40892.0	41729.0	42481.0	42874.0	43897.0	44138.0	44044.0	43442.0	43194.0	42962.0	41819.0	40727.0	39357.0	38038.0	36592.0	34550.0	33998.0	32435.0	30124.0	27342.0	24507.0	21736.0	19309.0	18331.0	17743.0	15751.0	13978.0	12010.0	10659.0	10536.0	7162.0	4837.0	3757.0	4385.0
trimmed_Res2_Phage_C5_1_paired	20979.0	22100.0	23392.0	23932.0	24608.0	25159.0	25240.0	24950.0	25187.0	25105.0	24943.0	24457.0	24317.0	23518.0	23233.0	22507.0	22243.0	21469.0	20684.0	20133.0	19448.0	18442.0	17703.0	17273.0	16416.0	15560.0	14563.0	14049.0	12807.0	12136.0	11087.0	10259.0	9543.0	9170.0	8635.0	8253.0	8293.0	8288.0	8273.0	8361.0	8043.0	7410.0	7319.0	8195.0	14655.0	52449.0
trimmed_Res2_Phage_C5_2_paired	22464.0	23566.0	24959.0	25633.0	26473.0	27139.0	27366.0	27184.0	27694.0	27629.0	27603.0	27322.0	27111.0	26297.0	26092.0	25201.0	24920.0	24506.0	23695.0	23264.0	22712.0	21839.0	21197.0	20773.0	19787.0	18910.0	17932.0	17526.0	17100.0	16484.0	15500.0	14463.0	12841.0	11983.0	10832.0	9826.0	8240.0	6345.0	4602.0	3287.0	2262.0	1665.0	1059.0	664.0	396.0	443.0
trimmed_Res2_Phage_C6_1_paired	6432.0	6646.0	7070.0	7064.0	7544.0	7672.0	7945.0	8322.0	8562.0	9099.0	9088.0	9262.0	9588.0	9793.0	10262.0	10210.0	10485.0	10536.0	10995.0	10964.0	11229.0	11328.0	11263.0	11378.0	11508.0	11313.0	11556.0	11268.0	11392.0	11131.0	10894.0	10518.0	10640.0	10322.0	10112.0	9997.0	9712.0	9337.0	9230.0	8731.0	8030.0	7302.0	7530.0	8362.0	19727.0	104927.0
trimmed_Res2_Phage_C6_2_paired	7689.0	7867.0	8487.0	8551.0	9113.0	9479.0	9731.0	10377.0	10633.0	11154.0	11435.0	12177.0	12023.0	12502.0	12912.0	12851.0	13593.0	13775.0	14104.0	14239.0	14681.0	14832.0	14773.0	15015.0	14973.0	14974.0	15138.0	14871.0	15205.0	14720.0	14270.0	13634.0	13551.0	13178.0	13167.0	14007.0	14264.0	14207.0	13324.0	11823.0	10438.0	10325.0	6693.0	4541.0	3445.0	3535.0
trimmed_Res2_Phage_D1_1_paired	15601.0	15872.0	16517.0	16737.0	17236.0	17473.0	18083.0	18271.0	18499.0	19099.0	18970.0	19365.0	19585.0	20010.0	20017.0	20398.0	20471.0	20959.0	20809.0	20913.0	20837.0	20891.0	20924.0	21234.0	20963.0	20801.0	20330.0	20443.0	19890.0	19719.0	18836.0	18074.0	17512.0	17189.0	17002.0	16466.0	16189.0	15959.0	15398.0	15092.0	14313.0	12756.0	12610.0	13733.0	27160.0	121217.0
trimmed_Res2_Phage_D1_2_paired	17697.0	17834.0	18868.0	19222.0	19883.0	20337.0	21049.0	21652.0	21962.0	22730.0	22857.0	23737.0	23754.0	24454.0	24620.0	24807.0	25308.0	26295.0	26133.0	26449.0	26707.0	27113.0	26929.0	27574.0	27372.0	27319.0	26632.0	26717.0	26806.0	26376.0	25170.0	24212.0	22607.0	21521.0	20933.0	20328.0	19304.0	17117.0	14539.0	12057.0	9776.0	8753.0	5678.0	3788.0	2613.0	2834.0
trimmed_Res2_Phage_D2_1_paired	14685.0	16599.0	18320.0	19964.0	21630.0	23033.0	24827.0	26035.0	27433.0	28147.0	29280.0	30278.0	30970.0	31033.0	31751.0	32310.0	32139.0	32502.0	32819.0	32575.0	32540.0	32391.0	32256.0	31578.0	31052.0	30119.0	29401.0	28541.0	27836.0	26875.0	25689.0	23358.0	23098.0	22448.0	21986.0	21766.0	22105.0	23069.0	23702.0	23501.0	22907.0	20033.0	18152.0	17193.0	27424.0	90551.0
trimmed_Res2_Phage_D2_2_paired	17467.0	18918.0	21105.0	23051.0	24885.0	26635.0	28853.0	30397.0	31809.0	32705.0	34415.0	36006.0	36545.0	36562.0	37414.0	38018.0	38422.0	39278.0	39609.0	39712.0	40018.0	40602.0	40297.0	40080.0	40161.0	39677.0	38824.0	38755.0	39351.0	39324.0	38216.0	35194.0	31810.0	28177.0	24610.0	21377.0	18974.0	12955.0	9528.0	6360.0	4082.0	2518.0	1348.0	901.0	520.0	436.0
trimmed_Res2_Phage_D3_1_paired	26847.0	28095.0	29719.0	30226.0	31504.0	31719.0	32801.0	32879.0	33390.0	33323.0	33029.0	32865.0	32365.0	32172.0	31739.0	30743.0	30321.0	30144.0	28845.0	28871.0	27857.0	27056.0	25980.0	25061.0	24429.0	23319.0	22377.0	21184.0	20181.0	19033.0	17832.0	15925.0	15717.0	15568.0	15509.0	15811.0	16581.0	17573.0	18974.0	19477.0	19141.0	16934.0	14567.0	11596.0	14869.0	36796.0
trimmed_Res2_Phage_D3_2_paired	28387.0	29454.0	31561.0	32234.0	33621.0	33952.0	35473.0	35666.0	35981.0	36009.0	35971.0	36041.0	35596.0	35338.0	34980.0	34175.0	34202.0	34056.0	32924.0	33141.0	32348.0	31953.0	30738.0	30156.0	29845.0	29572.0	28936.0	29150.0	29722.0	30510.0	30548.0	27943.0	24595.0	20132.0	15481.0	11624.0	9679.0	5730.0	4252.0	3011.0	2213.0	1570.0	904.0	635.0	469.0	466.0
trimmed_Res2_Phage_D4_1_paired	9034.0	9562.0	10057.0	10261.0	10562.0	10769.0	10977.0	11020.0	11137.0	11273.0	11361.0	11542.0	11417.0	11752.0	11624.0	11976.0	12200.0	12081.0	12047.0	11943.0	12089.0	11858.0	12066.0	11828.0	11393.0	11237.0	10893.0	10427.0	9923.0	9288.0	8527.0	7613.0	7463.0	7245.0	7085.0	6656.0	6629.0	6742.0	6413.0	6424.0	6068.0	5276.0	4394.0	3791.0	4992.0	19431.0
trimmed_Res2_Phage_D4_2_paired	9352.0	9908.0	10418.0	10786.0	11040.0	11320.0	11656.0	11730.0	11815.0	11992.0	12129.0	12338.0	12296.0	12645.0	12475.0	12837.0	13200.0	13118.0	13063.0	12966.0	13145.0	13070.0	13165.0	12968.0	12697.0	12558.0	12348.0	12407.0	12719.0	12831.0	12576.0	11329.0	10041.0	8616.0	6764.0	5376.0	4778.0	3859.0	3616.0	3184.0	3054.0	3160.0	2279.0	1665.0	1374.0	1683.0
trimmed_Res2_Phage_D5_1_paired	19886.0	22092.0	24592.0	26571.0	29543.0	31443.0	33715.0	35700.0	37182.0	38721.0	39594.0	40795.0	41365.0	41253.0	41462.0	41308.0	40474.0	40191.0	39277.0	38316.0	37030.0	36140.0	34746.0	33033.0	31468.0	29372.0	27728.0	25455.0	23449.0	22118.0	20494.0	18526.0	17474.0	16878.0	16499.0	16126.0	16430.0	17020.0	17318.0	17232.0	16716.0	14154.0	12708.0	11480.0	17206.0	66117.0
trimmed_Res2_Phage_D5_2_paired	21776.0	23957.0	26773.0	29002.0	32375.0	34350.0	37036.0	39246.0	40822.0	42685.0	43710.0	45261.0	45677.0	45752.0	45900.0	45580.0	44883.0	44690.0	43750.0	42941.0	41346.0	40259.0	38714.0	36846.0	35484.0	33787.0	32435.0	31569.0	31028.0	31125.0	29802.0	26692.0	23046.0	19648.0	16382.0	13765.0	12526.0	10114.0	8419.0	6592.0	5637.0	5113.0	3461.0	2399.0	1849.0	2193.0
trimmed_Res2_Phage_D6_1_paired	43491.0	45453.0	47793.0	49275.0	50809.0	51571.0	52746.0	52331.0	52151.0	51881.0	51770.0	50207.0	49087.0	48172.0	46967.0	45258.0	44326.0	42573.0	41292.0	39457.0	37150.0	35828.0	33695.0	32052.0	30231.0	28196.0	26158.0	24515.0	22637.0	20818.0	19626.0	18260.0	17754.0	16590.0	16748.0	16802.0	17024.0	17912.0	18843.0	19461.0	19086.0	17170.0	15614.0	14280.0	23313.0	103427.0
trimmed_Res2_Phage_D6_2_paired	45681.0	47802.0	50064.0	51971.0	53641.0	54355.0	55731.0	55061.0	55203.0	55147.0	54818.0	53306.0	52105.0	51031.0	49991.0	48228.0	47047.0	45623.0	44117.0	42679.0	40421.0	39190.0	37063.0	35608.0	34380.0	32811.0	31869.0	32430.0	33577.0	34648.0	35258.0	32513.0	28871.0	24910.0	21015.0	18405.0	16354.0	14612.0	12782.0	11119.0	9755.0	9645.0	6491.0	4586.0	3689.0	4197.0
trimmed_Res2_Phage_E1_1_paired	80838.0	84679.0	86914.0	88655.0	90832.0	92224.0	93647.0	95157.0	96094.0	96333.0	96593.0	96935.0	96543.0	95235.0	95506.0	94498.0	94213.0	93058.0	91949.0	90707.0	89349.0	87483.0	86414.0	84308.0	82050.0	80957.0	78477.0	76888.0	74496.0	72709.0	70046.0	67437.0	65620.0	63546.0	61190.0	59946.0	59035.0	57593.0	56073.0	55358.0	54498.0	51319.0	57611.0	64883.0	129001.0	787045.0
trimmed_Res2_Phage_E1_2_paired	87801.0	91728.0	94676.0	96988.0	98984.0	100857.0	103491.0	105113.0	106121.0	106583.0	107143.0	108046.0	107851.0	107414.0	107388.0	106216.0	106800.0	106395.0	106203.0	106103.0	107728.0	107155.0	101842.0	101310.0	99716.0	99331.0	97265.0	96393.0	96544.0	96242.0	99292.0	94637.0	95618.0	92362.0	93294.0	99896.0	107702.0	112801.0	120339.0	116376.0	105197.0	77503.0	54480.0	35233.0	26133.0	27652.0
trimmed_Res2_Phage_E2_1_paired	34431.0	36709.0	39014.0	40607.0	42345.0	43476.0	44225.0	44876.0	45280.0	45508.0	45934.0	45691.0	45103.0	44950.0	44060.0	42901.0	42223.0	41443.0	40120.0	38491.0	37618.0	36117.0	34344.0	32678.0	30675.0	28681.0	26117.0	23986.0	21969.0	19962.0	19049.0	17446.0	17154.0	16914.0	17748.0	18517.0	21273.0	24416.0	27606.0	29440.0	28509.0	25204.0	20645.0	16131.0	18315.0	43843.0
trimmed_Res2_Phage_E2_2_paired	37265.0	39617.0	42031.0	43920.0	46039.0	47277.0	48494.0	49061.0	49458.0	50197.0	50546.0	50048.0	49864.0	49188.0	48270.0	47374.0	46460.0	45737.0	44882.0	43411.0	42534.0	41120.0	39437.0	37797.0	36486.0	35844.0	34890.0	36882.0	39909.0	42583.0	43447.0	38116.0	30207.0	22989.0	16261.0	11123.0	7809.0	5189.0	3435.0	2412.0	1570.0	958.0	640.0	411.0	281.0	275.0
trimmed_Res2_Phage_E3_1_paired	35227.0	35903.0	38402.0	38898.0	40288.0	40944.0	41499.0	41513.0	41195.0	41612.0	40857.0	40455.0	40312.0	39264.0	38471.0	37150.0	36147.0	35274.0	34070.0	32459.0	31205.0	30216.0	28015.0	26492.0	24409.0	22712.0	20338.0	18318.0	16566.0	15040.0	13729.0	13123.0	12463.0	12375.0	12996.0	13801.0	15498.0	17497.0	19297.0	20154.0	19077.0	16251.0	13531.0	10938.0	13160.0	39738.0
trimmed_Res2_Phage_E3_2_paired	37676.0	38391.0	40989.0	42176.0	43590.0	44375.0	45332.0	45216.0	45122.0	45917.0	45060.0	44721.0	44673.0	43095.0	42326.0	41039.0	39775.0	38940.0	37821.0	36112.0	34775.0	33787.0	31251.0	29780.0	28065.0	27247.0	25982.0	26679.0	28185.0	28841.0	27959.0	24162.0	19206.0	14818.0	10828.0	8160.0	6191.0	4835.0	3757.0	2775.0	2145.0	1889.0	1179.0	821.0	620.0	596.0
trimmed_Res2_Phage_E4_1_paired	109370.0	114901.0	118830.0	120526.0	123016.0	125025.0	125412.0	126077.0	125692.0	125765.0	125277.0	124413.0	123209.0	121250.0	120228.0	118568.0	117021.0	114453.0	112810.0	110357.0	108689.0	106765.0	104565.0	101663.0	99243.0	96776.0	94408.0	92699.0	90352.0	87546.0	86262.0	84128.0	81286.0	78871.0	76158.0	74067.0	71615.0	69833.0	67426.0	66878.0	65508.0	63696.0	72813.0	83736.0	150445.0	867226.0
trimmed_Res2_Phage_E4_2_paired	117554.0	122578.0	127839.0	130631.0	132927.0	135371.0	136756.0	137295.0	136984.0	136916.0	136218.0	135439.0	134758.0	133714.0	132419.0	130287.0	130553.0	128594.0	128145.0	127444.0	131048.0	130930.0	122273.0	122081.0	120912.0	120532.0	118782.0	118751.0	119715.0	119251.0	125689.0	121630.0	123609.0	118878.0	120842.0	129928.0	139956.0	142995.0	145686.0	131456.0	108713.0	69679.0	45296.0	26953.0	18537.0	18310.0
trimmed_Res2_Phage_E5_1_paired	4923.0	5140.0	5448.0	5659.0	6236.0	6519.0	6855.0	7337.0	7865.0	8325.0	8430.0	9067.0	9573.0	9911.0	10571.0	11014.0	11463.0	11988.0	12411.0	12885.0	13154.0	13742.0	14352.0	14582.0	14583.0	14985.0	15114.0	15083.0	15166.0	15040.0	14422.0	13859.0	13672.0	13390.0	12909.0	12628.0	12172.0	12045.0	11647.0	11061.0	10792.0	9634.0	9875.0	10670.0	18102.0	93071.0
trimmed_Res2_Phage_E5_2_paired	5791.0	6039.0	6453.0	6753.0	7375.0	7708.0	8238.0	8852.0	9313.0	9958.0	10181.0	10970.0	11564.0	12089.0	12811.0	13223.0	14053.0	14682.0	15117.0	15872.0	16828.0	17709.0	17797.0	18289.0	18468.0	18815.0	18977.0	18794.0	19351.0	19230.0	19324.0	18557.0	17910.0	17207.0	16578.0	16889.0	16868.0	16062.0	16116.0	14801.0	12432.0	8569.0	5900.0	3632.0	2562.0	2663.0
trimmed_Res2_Phage_E6_1_paired	6151.0	6145.0	6778.0	6852.0	7322.0	7223.0	7791.0	8146.0	8518.0	8702.0	9161.0	9559.0	9831.0	10242.0	10495.0	11010.0	11288.0	11693.0	11728.0	12133.0	12144.0	12822.0	12950.0	13177.0	13031.0	13324.0	13223.0	13522.0	13273.0	13537.0	13405.0	12980.0	13126.0	12925.0	12951.0	12831.0	12926.0	13207.0	13059.0	12540.0	12071.0	10810.0	10954.0	11817.0	22698.0	103580.0
trimmed_Res2_Phage_E6_2_paired	8911.0	9031.0	9870.0	10094.0	10829.0	10645.0	11403.0	12090.0	12625.0	12879.0	13637.0	14457.0	14522.0	14957.0	15355.0	15902.0	16401.0	16966.0	16907.0	17442.0	17806.0	18646.0	18519.0	18827.0	18889.0	19015.0	18423.0	18844.0	18685.0	18336.0	17782.0	16983.0	15726.0	15152.0	15028.0	14381.0	13655.0	12251.0	10128.0	8281.0	6800.0	6128.0	3845.0	2740.0	1915.0	1943.0
trimmed_Res2_Phage_F1_1_paired	32782.0	33845.0	35593.0	35727.0	37419.0	37525.0	38407.0	38962.0	39559.0	39961.0	39925.0	39964.0	40611.0	40317.0	40775.0	40986.0	41039.0	41064.0	40940.0	41347.0	41115.0	41202.0	40506.0	40381.0	39598.0	39500.0	39792.0	38962.0	38857.0	38082.0	37422.0	36363.0	35297.0	33785.0	32642.0	31791.0	29741.0	29381.0	28183.0	28199.0	27908.0	27970.0	32607.0	39953.0	83804.0	416977.0
trimmed_Res2_Phage_F1_2_paired	38986.0	40167.0	42656.0	42845.0	45237.0	45592.0	46886.0	47902.0	48742.0	49458.0	49948.0	52953.0	51606.0	51976.0	52290.0	53273.0	54129.0	54500.0	55191.0	56248.0	56871.0	57573.0	56080.0	56794.0	56129.0	56706.0	55948.0	55668.0	56265.0	55103.0	54712.0	53517.0	52574.0	51526.0	52466.0	54077.0	53345.0	48475.0	42265.0	33641.0	27368.0	21537.0	13960.0	8985.0	6865.0	7731.0
trimmed_Res2_Phage_F2_1_paired	27556.0	27734.0	28809.0	28720.0	29389.0	29056.0	29385.0	28703.0	28863.0	28624.0	27931.0	26833.0	26634.0	26380.0	25711.0	25260.0	24516.0	23842.0	23451.0	22705.0	22087.0	21433.0	20630.0	20153.0	19279.0	18640.0	17893.0	17621.0	16813.0	16127.0	15312.0	14679.0	13662.0	12982.0	12247.0	11341.0	10805.0	10430.0	9637.0	9431.0	9152.0	8916.0	10071.0	12408.0	26955.0	126329.0
trimmed_Res2_Phage_F2_2_paired	29881.0	30118.0	31513.0	31638.0	32593.0	32336.0	32754.0	32413.0	32781.0	32507.0	32077.0	32826.0	31124.0	31116.0	30720.0	30174.0	29780.0	29355.0	28885.0	28300.0	27507.0	26862.0	25849.0	25526.0	24426.0	23895.0	22749.0	22280.0	21346.0	20255.0	19351.0	18264.0	17266.0	16467.0	16624.0	15957.0	15039.0	13082.0	10981.0	8892.0	7517.0	7374.0	4830.0	3505.0	2912.0	3488.0
trimmed_Res2_Phage_F3_1_paired	25657.0	27447.0	29112.0	30189.0	31694.0	33073.0	34048.0	35143.0	35970.0	36377.0	37214.0	36572.0	37398.0	37600.0	37486.0	37214.0	37078.0	36723.0	36527.0	35950.0	35208.0	34884.0	34422.0	33355.0	32309.0	31072.0	29995.0	28463.0	27562.0	26575.0	24946.0	22562.0	22166.0	21519.0	21392.0	20995.0	21286.0	22131.0	23147.0	23630.0	23093.0	20053.0	17384.0	15203.0	23413.0	89663.0
trimmed_Res2_Phage_F3_2_paired	27365.0	29103.0	31043.0	32510.0	34040.0	35695.0	36932.0	38348.0	38996.0	39650.0	40729.0	40529.0	41362.0	41745.0	41245.0	41209.0	41603.0	41218.0	41475.0	40589.0	40611.0	40358.0	39914.0	39143.0	38607.0	37965.0	37619.0	37597.0	38501.0	39578.0	39395.0	36198.0	31775.0	26333.0	21698.0	18349.0	17317.0	13822.0	12447.0	11056.0	10093.0	10246.0	7039.0	5060.0	4228.0	4565.0
trimmed_Res2_Phage_F4_1_paired	10369.0	11064.0	11918.0	12318.0	13285.0	13658.0	14447.0	15151.0	16082.0	16926.0	17737.0	18592.0	19181.0	20051.0	20772.0	21718.0	22124.0	23188.0	23566.0	24157.0	24479.0	25381.0	25371.0	25590.0	25683.0	25246.0	25070.0	24936.0	24829.0	24258.0	23587.0	22617.0	21894.0	21060.0	20250.0	19596.0	18930.0	18099.0	17865.0	16915.0	16580.0	15273.0	16311.0	18181.0	33364.0	190213.0
trimmed_Res2_Phage_F4_2_paired	12809.0	13502.0	14771.0	15357.0	16353.0	16911.0	18005.0	19036.0	19894.0	20838.0	21955.0	23155.0	23643.0	24731.0	25539.0	26385.0	27067.0	28408.0	28955.0	29797.0	31097.0	31873.0	30735.0	31261.0	31401.0	31291.0	30423.0	30447.0	30270.0	29851.0	29881.0	28509.0	27867.0	26383.0	25695.0	26234.0	26661.0	25539.0	25917.0	24304.0	22289.0	18225.0	13912.0	10209.0	8942.0	11555.0
trimmed_Res2_Phage_F5_1_paired	17701.0	18546.0	19367.0	19652.0	20592.0	20814.0	21487.0	21500.0	21838.0	22293.0	22302.0	22100.0	22030.0	22043.0	21864.0	21333.0	20976.0	20910.0	20104.0	19836.0	19201.0	18525.0	17993.0	17152.0	16189.0	15389.0	14720.0	13793.0	12792.0	12154.0	10875.0	9820.0	8933.0	8339.0	7804.0	7217.0	6893.0	6658.0	6113.0	5987.0	5707.0	5089.0	5276.0	6028.0	10703.0	42110.0
trimmed_Res2_Phage_F5_2_paired	18813.0	19771.0	20748.0	21185.0	22200.0	22620.0	23442.0	23615.0	24091.0	24616.0	24890.0	25054.0	24769.0	24622.0	24582.0	24153.0	23646.0	23553.0	22504.0	22215.0	21623.0	20668.0	20027.0	19062.0	17782.0	16958.0	15811.0	14907.0	14060.0	13228.0	12076.0	11101.0	9914.0	9556.0	8693.0	8285.0	7559.0	6266.0	5037.0	3879.0	3109.0	2755.0	1868.0	1325.0	969.0	1141.0
trimmed_Res2_Phage_F6_1_paired	8287.0	8665.0	9189.0	9163.0	9575.0	9682.0	9666.0	9777.0	9797.0	9712.0	9849.0	9629.0	9673.0	9578.0	9439.0	9426.0	9436.0	9192.0	9181.0	9091.0	8906.0	8825.0	8719.0	8500.0	8463.0	8244.0	8216.0	8109.0	7889.0	7571.0	7351.0	7172.0	6911.0	6840.0	6402.0	5910.0	5337.0	4994.0	4620.0	4311.0	4227.0	4262.0	5217.0	6690.0	15730.0	87066.0
trimmed_Res2_Phage_F6_2_paired	9093.0	9518.0	10071.0	10027.0	10611.0	10757.0	10732.0	10892.0	11058.0	10949.0	11180.0	11580.0	11138.0	11172.0	11105.0	11260.0	11285.0	11108.0	11134.0	11137.0	10997.0	10985.0	10819.0	11017.0	11045.0	10996.0	10944.0	10889.0	10883.0	10877.0	10773.0	10680.0	10817.0	11187.0	12121.0	12705.0	13055.0	12348.0	10424.0	7986.0	6154.0	4772.0	2659.0	1582.0	1030.0	937.0
trimmed_Res2_Phage_G1_1_paired	71680.0	75458.0	78262.0	78922.0	79250.0	77913.0	76161.0	74214.0	71917.0	68465.0	66129.0	61718.0	58742.0	55613.0	51930.0	48902.0	45395.0	42541.0	39911.0	36873.0	33914.0	31551.0	29438.0	26850.0	24457.0	22369.0	20457.0	18650.0	16521.0	15040.0	13139.0	10550.0	9963.0	9203.0	8628.0	8169.0	7799.0	7625.0	7284.0	7363.0	6956.0	6344.0	6722.0	7663.0	17249.0	90817.0
trimmed_Res2_Phage_G1_2_paired	73572.0	77209.0	80464.0	81525.0	82076.0	80953.0	79467.0	77608.0	74850.0	71445.0	69414.0	65686.0	62083.0	58646.0	54926.0	51690.0	48381.0	45493.0	42324.0	39351.0	36443.0	34046.0	31546.0	28777.0	26322.0	24293.0	21934.0	20093.0	18163.0	16879.0	15049.0	12772.0	11801.0	10951.0	10520.0	10699.0	10905.0	10261.0	9676.0	8971.0	8420.0	9173.0	6307.0	4794.0	3799.0	4960.0
trimmed_Res2_Phage_G2_1_paired	11339.0	12573.0	14143.0	15309.0	16855.0	18539.0	19739.0	21607.0	23043.0	24432.0	26358.0	27269.0	28510.0	29649.0	30362.0	31496.0	31790.0	32518.0	32334.0	33293.0	32680.0	33279.0	32903.0	32189.0	31343.0	30850.0	29923.0	28819.0	27582.0	26917.0	25141.0	23113.0	22399.0	21434.0	20941.0	20131.0	19700.0	19672.0	19016.0	18238.0	17162.0	14709.0	13632.0	13754.0	23401.0	100826.0
trimmed_Res2_Phage_G2_2_paired	13691.0	14826.0	16852.0	18180.0	19826.0	21719.0	23496.0	25618.0	27224.0	28774.0	31109.0	32594.0	33736.0	35228.0	35851.0	37155.0	37837.0	39122.0	38919.0	40170.0	39792.0	40562.0	40396.0	39677.0	38866.0	38392.0	37068.0	36174.0	35459.0	34535.0	32042.0	28775.0	25117.0	22750.0	20684.0	18977.0	17312.0	14846.0	12171.0	9899.0	7769.0	6844.0	4136.0	2684.0	1997.0	2061.0
trimmed_Res2_Phage_G3_1_paired	59957.0	59845.0	60989.0	60172.0	60424.0	59049.0	58070.0	56399.0	55253.0	53121.0	51573.0	49230.0	47302.0	45633.0	43825.0	41763.0	40189.0	37923.0	35803.0	34635.0	32895.0	30525.0	29133.0	27332.0	25433.0	22878.0	20167.0	18208.0	16359.0	14642.0	13395.0	12608.0	12484.0	12183.0	13222.0	14037.0	15837.0	18245.0	20050.0	20592.0	19370.0	16267.0	12877.0	9849.0	10850.0	26214.0
trimmed_Res2_Phage_G3_2_paired	62652.0	62392.0	63638.0	63368.0	63574.0	62393.0	61788.0	59692.0	58825.0	57221.0	55555.0	53017.0	51166.0	49467.0	47544.0	45603.0	43913.0	42182.0	40291.0	39361.0	37847.0	35409.0	34113.0	32618.0	31152.0	30014.0	28781.0	29864.0	31291.0	30799.0	27658.0	20523.0	14388.0	9852.0	6626.0	4696.0	3063.0	1853.0	1129.0	591.0	367.0	203.0	115.0	66.0	48.0	99.0
trimmed_Res2_Phage_G4_1_paired	37570.0	38844.0	40883.0	41278.0	42414.0	42768.0	43783.0	43204.0	42833.0	42675.0	41991.0	41288.0	40669.0	39634.0	38528.0	37305.0	36781.0	35263.0	33889.0	32903.0	31605.0	30311.0	29398.0	27414.0	25722.0	24224.0	22650.0	20827.0	19184.0	17893.0	16258.0	14639.0	13804.0	13066.0	12904.0	12413.0	12292.0	12163.0	11931.0	11674.0	10850.0	9039.0	7978.0	7491.0	11677.0	48114.0
trimmed_Res2_Phage_G4_2_paired	39501.0	40884.0	43039.0	43714.0	45004.0	45383.0	46845.0	46353.0	45915.0	45825.0	45318.0	44770.0	43797.0	42627.0	41425.0	40152.0	39718.0	38309.0	36709.0	35319.0	34252.0	32999.0	31363.0	29645.0	28135.0	26631.0	25286.0	24215.0	23968.0	23249.0	21564.0	19083.0	16085.0	13481.0	11509.0	9962.0	9381.0	8104.0	7159.0	5880.0	5039.0	4611.0	3035.0	1903.0	1414.0	1464.0
trimmed_Res2_Phage_G5_1_paired	15304.0	15519.0	16667.0	17077.0	17624.0	17786.0	18078.0	18203.0	18185.0	18252.0	18117.0	18017.0	17724.0	17509.0	17085.0	16791.0	16372.0	16159.0	15591.0	15085.0	14699.0	14180.0	13660.0	13170.0	12115.0	11835.0	10985.0	10374.0	9644.0	9222.0	8536.0	7836.0	7638.0	7203.0	7270.0	7111.0	7374.0	7898.0	7895.0	7627.0	7553.0	6456.0	6094.0	6182.0	10067.0	36009.0
trimmed_Res2_Phage_G5_2_paired	16681.0	16985.0	18212.0	18823.0	19424.0	19872.0	20280.0	20440.0	20669.0	20696.0	20686.0	20980.0	20653.0	20448.0	20108.0	19752.0	19503.0	19625.0	19004.0	18521.0	18189.0	17906.0	17287.0	16742.0	15665.0	15093.0	14324.0	13823.0	13260.0	12722.0	11398.0	9847.0	8395.0	7097.0	6230.0	5375.0	4256.0	3345.0	2410.0	1732.0	1145.0	890.0	518.0	348.0	224.0	195.0
trimmed_Res2_Phage_G6_1_paired	6591.0	6750.0	7118.0	7278.0	7691.0	7481.0	7859.0	7733.0	7945.0	7837.0	7862.0	7808.0	7939.0	7863.0	7897.0	7782.0	7827.0	7960.0	7851.0	8094.0	7993.0	7930.0	7888.0	7685.0	7633.0	7658.0	7425.0	7264.0	7044.0	7033.0	7019.0	6983.0	7155.0	7125.0	7642.0	8164.0	9178.0	10416.0	11255.0	11870.0	11644.0	10326.0	9683.0	9400.0	14870.0	50547.0
trimmed_Res2_Phage_G6_2_paired	8043.0	8185.0	8755.0	9056.0	9433.0	9426.0	10107.0	10140.0	10320.0	10532.0	10635.0	10716.0	11004.0	11057.0	11425.0	11376.0	11677.0	12018.0	12060.0	12627.0	12906.0	12979.0	13188.0	13409.0	13400.0	13599.0	13350.0	13918.0	14590.0	14303.0	13929.0	12110.0	10221.0	8771.0	7666.0	6580.0	5264.0	4050.0	3044.0	2163.0	1511.0	921.0	579.0	414.0	256.0	283.0
trimmed_Res2_Phage_H1_1_paired	23160.0	23879.0	24313.0	24945.0	25619.0	25899.0	26713.0	27038.0	27188.0	28028.0	28146.0	28347.0	28862.0	28896.0	29104.0	29519.0	29416.0	29878.0	29974.0	30012.0	29957.0	30270.0	30418.0	29877.0	29805.0	29387.0	29010.0	28475.0	27828.0	26802.0	25544.0	24004.0	23128.0	22127.0	21114.0	19968.0	19776.0	18836.0	17739.0	17281.0	16630.0	15176.0	15612.0	18081.0	33211.0	140129.0
trimmed_Res2_Phage_H1_2_paired	25611.0	26333.0	27131.0	27896.0	28829.0	29179.0	30440.0	31093.0	31397.0	32484.0	32835.0	33827.0	33998.0	34215.0	34757.0	35326.0	35710.0	36542.0	36466.0	36852.0	37393.0	38268.0	38058.0	38063.0	37865.0	37522.0	36814.0	36260.0	35781.0	34881.0	33115.0	31779.0	29808.0	28149.0	26765.0	25042.0	23349.0	19680.0	15866.0	12612.0	9721.0	8263.0	5048.0	3325.0	2324.0	2449.0
trimmed_Res2_Phage_H2_1_paired	64699.0	67128.0	69363.0	70542.0	72546.0	73488.0	75030.0	75368.0	75430.0	75554.0	75753.0	75167.0	73981.0	73136.0	72242.0	70534.0	68933.0	67937.0	65540.0	63294.0	61972.0	59210.0	56745.0	54103.0	50807.0	47554.0	43505.0	39352.0	35559.0	32301.0	29482.0	27078.0	25783.0	24202.0	24095.0	24095.0	25691.0	27939.0	29405.0	30351.0	29429.0	24946.0	22229.0	19939.0	27009.0	74114.0
trimmed_Res2_Phage_H2_2_paired	68640.0	71015.0	73599.0	75422.0	77482.0	78887.0	80913.0	81166.0	81607.0	82380.0	82410.0	82026.0	80747.0	79603.0	78743.0	77183.0	75316.0	75178.0	72741.0	70873.0	69523.0	66922.0	64274.0	61599.0	59123.0	56783.0	54197.0	54582.0	55301.0	55423.0	52017.0	43638.0	35451.0	27942.0	21045.0	15979.0	11745.0	7976.0	5115.0	3374.0	1867.0	1177.0	711.0	370.0	233.0	262.0
trimmed_Res2_Phage_H3_1_paired	31754.0	31026.0	29823.0	28518.0	27651.0	26379.0	26020.0	25039.0	24948.0	24127.0	23904.0	23753.0	23693.0	23864.0	23844.0	24374.0	24525.0	24639.0	25113.0	25784.0	25317.0	25985.0	25707.0	25969.0	25552.0	25920.0	25480.0	25564.0	24932.0	24501.0	24020.0	23760.0	23714.0	23465.0	23632.0	23876.0	24048.0	24750.0	24922.0	25192.0	25205.0	24595.0	27859.0	31975.0	65727.0	369271.0
trimmed_Res2_Phage_H3_2_paired	36738.0	35896.0	35197.0	34193.0	33291.0	32483.0	32539.0	31782.0	31834.0	30981.0	31174.0	31421.0	31345.0	32120.0	32110.0	32474.0	33400.0	33889.0	34638.0	35782.0	36551.0	38097.0	36220.0	36752.0	36754.0	37022.0	36673.0	36503.0	36723.0	36864.0	38419.0	37551.0	38373.0	37041.0	38844.0	42223.0	46279.0	48607.0	51267.0	46300.0	38876.0	26351.0	16524.0	9549.0	6206.0	5860.0
trimmed_Res2_Phage_H4_1_paired	7090.0	7300.0	7756.0	7951.0	8156.0	8162.0	8366.0	8481.0	8722.0	8858.0	8941.0	8930.0	9013.0	9119.0	9040.0	9097.0	9229.0	9228.0	9112.0	9190.0	8933.0	9026.0	9043.0	8860.0	9051.0	8714.0	8637.0	8678.0	8713.0	8511.0	8368.0	8017.0	8121.0	7965.0	7709.0	7420.0	7292.0	7022.0	6561.0	6361.0	6428.0	6292.0	7339.0	9299.0	21149.0	111722.0
trimmed_Res2_Phage_H4_2_paired	8459.0	8685.0	9236.0	9488.0	9705.0	9782.0	10014.0	10299.0	10597.0	10699.0	10833.0	11259.0	11192.0	11280.0	11228.0	11369.0	11530.0	11707.0	11543.0	11670.0	11733.0	11892.0	11976.0	11903.0	12113.0	11860.0	11941.0	12171.0	12446.0	12534.0	12490.0	12596.0	12990.0	13342.0	13931.0	14812.0	15129.0	14687.0	13258.0	11123.0	9420.0	8571.0	5233.0	3486.0	2376.0	2384.0
trimmed_Res2_Phage_H5_1_paired	2601.0	2618.0	2544.0	2555.0	2643.0	2700.0	2797.0	2694.0	2681.0	2782.0	2734.0	2727.0	2726.0	2793.0	2745.0	2867.0	2801.0	2933.0	2804.0	2748.0	2809.0	2801.0	2700.0	2625.0	2628.0	2564.0	2548.0	2486.0	2358.0	2350.0	2306.0	2299.0	2353.0	2172.0	2200.0	2213.0	2136.0	2234.0	2097.0	2051.0	1927.0	1662.0	1593.0	1847.0	4368.0	26580.0
trimmed_Res2_Phage_H5_2_paired	3084.0	3107.0	3151.0	3138.0	3302.0	3341.0	3502.0	3430.0	3429.0	3519.0	3548.0	3787.0	3698.0	3708.0	3710.0	3804.0	3810.0	3941.0	3844.0	3730.0	3781.0	3705.0	3613.0	3525.0	3345.0	3379.0	3258.0	3155.0	3128.0	2980.0	2943.0	2769.0	2625.0	2550.0	2740.0	3009.0	3190.0	3341.0	3063.0	2560.0	2191.0	1975.0	1156.0	760.0	527.0	549.0
trimmed_Res2_Phage_H6_1_paired	23008.0	24073.0	25242.0	25706.0	26725.0	27192.0	27147.0	27629.0	27915.0	27893.0	27802.0	27735.0	27132.0	26625.0	26306.0	26082.0	25326.0	24614.0	24281.0	23406.0	22456.0	21770.0	21082.0	20208.0	19118.0	18317.0	17524.0	16771.0	15862.0	14956.0	13898.0	13187.0	12073.0	11287.0	10343.0	9363.0	8430.0	7705.0	6930.0	6764.0	6410.0	6112.0	7461.0	9497.0	20925.0	106386.0
trimmed_Res2_Phage_H6_2_paired	24141.0	25329.0	26624.0	27177.0	28342.0	28827.0	29119.0	29565.0	29991.0	30005.0	30156.0	30608.0	29515.0	28938.0	28820.0	28512.0	27959.0	27323.0	27007.0	26077.0	25420.0	24659.0	24055.0	23332.0	22214.0	21594.0	20654.0	20076.0	19469.0	18602.0	17821.0	17728.0	16809.0	16473.0	16727.0	17184.0	16725.0	15234.0	12910.0	10484.0	8213.0	6815.0	3943.0	2290.0	1639.0	1569.0
trimmed_Res2_Phage_I1_1_paired	43799.0	44456.0	45518.0	45361.0	46064.0	45708.0	45385.0	45324.0	45034.0	44442.0	43852.0	43762.0	42927.0	43013.0	42529.0	41961.0	41080.0	40816.0	39916.0	39211.0	38359.0	38402.0	37414.0	36870.0	35667.0	35044.0	33836.0	32774.0	31692.0	30446.0	29089.0	27260.0	26529.0	25559.0	24636.0	23132.0	22795.0	22091.0	21397.0	20766.0	19960.0	18057.0	18301.0	19455.0	32904.0	161402.0
trimmed_Res2_Phage_I1_2_paired	46091.0	46641.0	48103.0	48123.0	48988.0	48753.0	48921.0	48892.0	48790.0	48285.0	48125.0	48213.0	47404.0	47524.0	47002.0	46415.0	46071.0	45925.0	44754.0	44488.0	44300.0	44543.0	42945.0	42450.0	41421.0	40956.0	40082.0	39792.0	39611.0	39077.0	38856.0	36654.0	35328.0	32829.0	31542.0	30285.0	29135.0	26869.0	24840.0	22029.0	19022.0	14981.0	10706.0	7072.0	5213.0	5949.0
trimmed_Res2_Phage_I2_1_paired	13715.0	14930.0	16641.0	17699.0	18939.0	20341.0	21865.0	23136.0	24785.0	26096.0	27824.0	29003.0	30428.0	32027.0	33635.0	35202.0	36592.0	37667.0	38636.0	39755.0	40038.0	40729.0	40915.0	41134.0	40658.0	40224.0	38965.0	37665.0	36418.0	35044.0	33342.0	31526.0	29922.0	28087.0	26462.0	24589.0	23128.0	21373.0	19004.0	18156.0	16975.0	14665.0	15069.0	16605.0	30908.0	147687.0
trimmed_Res2_Phage_I2_2_paired	15078.0	16300.0	18253.0	19368.0	20773.0	22191.0	24072.0	25205.0	27007.0	28663.0	30532.0	32445.0	33327.0	35016.0	36606.0	38484.0	39801.0	41043.0	42330.0	43357.0	43941.0	44646.0	44530.0	45190.0	44753.0	44576.0	43529.0	43580.0	43857.0	43645.0	43095.0	40895.0	38152.0	35567.0	33658.0	31978.0	30531.0	27970.0	24358.0	20652.0	18038.0	17612.0	11990.0	8087.0	6326.0	7197.0
trimmed_Res2_Phage_I3_1_paired	10931.0	11970.0	12675.0	13282.0	13987.0	14953.0	14949.0	15811.0	16363.0	16772.0	17440.0	17643.0	18248.0	18107.0	18798.0	18862.0	19127.0	18934.0	19285.0	19438.0	19621.0	19420.0	19206.0	18761.0	18414.0	18154.0	16942.0	16555.0	15603.0	14751.0	13950.0	12774.0	12097.0	11725.0	11670.0	11294.0	11691.0	11908.0	12640.0	12888.0	12913.0	11382.0	10078.0	8505.0	11046.0	31218.0
trimmed_Res2_Phage_I3_2_paired	11684.0	12620.0	13412.0	14185.0	14884.0	15929.0	16189.0	16908.0	17612.0	18116.0	18768.0	19045.0	19818.0	19678.0	20210.0	20427.0	20650.0	20675.0	21242.0	21493.0	21821.0	21789.0	21669.0	21226.0	21276.0	21567.0	20897.0	21904.0	22957.0	24441.0	25316.0	23794.0	20539.0	17396.0	13839.0	10599.0	8398.0	6065.0	4320.0	3222.0	2248.0	1478.0	914.0	638.0	429.0	494.0
trimmed_Res2_Phage_I4_1_paired	8128.0	9028.0	10316.0	11288.0	12458.0	13579.0	14961.0	16330.0	17539.0	18871.0	20214.0	21532.0	22811.0	24210.0	25011.0	26453.0	27179.0	28380.0	28775.0	29309.0	29866.0	29920.0	29934.0	29613.0	28901.0	27835.0	26273.0	24793.0	23017.0	21937.0	20448.0	18578.0	17750.0	17422.0	17068.0	16586.0	17126.0	17960.0	18570.0	18228.0	16955.0	13897.0	11521.0	9702.0	13256.0	49648.0
trimmed_Res2_Phage_I4_2_paired	10519.0	11409.0	12999.0	14559.0	15718.0	17078.0	18824.0	20363.0	21484.0	23181.0	24681.0	26457.0	27545.0	28865.0	29736.0	31116.0	32102.0	33085.0	33547.0	34033.0	34572.0	34578.0	34234.0	33620.0	32967.0	32274.0	31042.0	30822.0	30710.0	30622.0	28586.0	24720.0	20580.0	16551.0	13352.0	10978.0	9744.0	8016.0	6768.0	5415.0	4452.0	4009.0	2717.0	1778.0	1313.0	1455.0
trimmed_Res2_Phage_I5_1_paired	35521.0	35993.0	37335.0	37280.0	37800.0	37734.0	38269.0	38122.0	38094.0	37706.0	37595.0	37652.0	37226.0	36681.0	36543.0	36195.0	35455.0	35363.0	34510.0	34312.0	33080.0	32998.0	32259.0	32047.0	30950.0	30201.0	29116.0	28283.0	26949.0	25666.0	24637.0	23705.0	22554.0	21705.0	21297.0	20739.0	20417.0	20167.0	19793.0	19819.0	19066.0	17193.0	17181.0	17916.0	32096.0	141713.0
trimmed_Res2_Phage_I5_2_paired	36970.0	37406.0	38916.0	39145.0	39732.0	39662.0	40454.0	40329.0	40571.0	40276.0	40184.0	40673.0	39978.0	39350.0	39452.0	39135.0	38534.0	38583.0	37890.0	37772.0	37142.0	37391.0	36680.0	37027.0	36188.0	36097.0	35405.0	36475.0	37923.0	39168.0	39426.0	38046.0	35049.0	31875.0	30134.0	28570.0	26124.0	23891.0	20256.0	16941.0	14615.0	13424.0	8741.0	5991.0	4472.0	4870.0
trimmed_Res2_Phage_I6_1_paired	16946.0	18192.0	18948.0	19723.0	20731.0	21670.0	23120.0	23498.0	24925.0	25926.0	27039.0	27817.0	29282.0	30647.0	31159.0	32159.0	33223.0	34007.0	34664.0	35367.0	35877.0	36138.0	36557.0	36222.0	36128.0	35882.0	35088.0	34941.0	34027.0	33101.0	31940.0	30276.0	29191.0	28177.0	26900.0	25620.0	24291.0	23391.0	22008.0	20971.0	19653.0	17554.0	17973.0	19363.0	34376.0	204832.0
trimmed_Res2_Phage_I6_2_paired	18530.0	19779.0	20779.0	21755.0	22810.0	23914.0	25381.0	26085.0	27342.0	28471.0	29594.0	30817.0	32117.0	33638.0	34425.0	35251.0	36577.0	37455.0	38344.0	39362.0	40505.0	41574.0	40792.0	40684.0	41028.0	40735.0	40094.0	40219.0	40151.0	39733.0	39902.0	37775.0	37349.0	35671.0	34797.0	35343.0	36338.0	36171.0	36718.0	35252.0	31804.0	24441.0	17538.0	12176.0	9552.0	10752.0
trimmed_Res2_Phage_J1_1_paired	30819.0	32364.0	33739.0	34606.0	35608.0	36565.0	37186.0	37841.0	38597.0	38585.0	39055.0	38763.0	38740.0	38549.0	38201.0	38013.0	37899.0	37695.0	37758.0	37262.0	37033.0	36688.0	37011.0	36082.0	35591.0	34575.0	33215.0	32866.0	32075.0	31747.0	30076.0	27736.0	27458.0	27350.0	27525.0	27615.0	28486.0	29304.0	30345.0	29428.0	27147.0	23209.0	18795.0	16158.0	25957.0	117767.0
trimmed_Res2_Phage_J1_2_paired	34362.0	35839.0	38155.0	39428.0	40736.0	42245.0	43248.0	44647.0	44932.0	45130.0	46379.0	47209.0	46791.0	47167.0	46697.0	46458.0	47325.0	47619.0	47277.0	47444.0	47532.0	47945.0	47492.0	46743.0	46561.0	46139.0	44435.0	43353.0	42862.0	41874.0	38685.0	33845.0	28699.0	23345.0	19665.0	17746.0	18530.0	15667.0	14599.0	13016.0	11360.0	11083.0	7041.0	4617.0	3386.0	3776.0
trimmed_Res2_Phage_J2_1_paired	73574.0	74691.0	75123.0	75522.0	75634.0	75700.0	74936.0	74389.0	72396.0	71903.0	70324.0	68930.0	67858.0	65475.0	63939.0	61544.0	59897.0	58331.0	55737.0	53813.0	51422.0	49255.0	46964.0	44778.0	41701.0	39640.0	36593.0	33787.0	30958.0	27860.0	25355.0	22991.0	20979.0	19166.0	17788.0	16777.0	15977.0	15937.0	15677.0	15639.0	14949.0	13093.0	12366.0	11489.0	17022.0	51204.0
trimmed_Res2_Phage_J2_2_paired	74949.0	76066.0	76633.0	77415.0	77469.0	77691.0	77362.0	76662.0	75002.0	74717.0	73052.0	71630.0	70390.0	68010.0	66377.0	64061.0	62188.0	61074.0	58459.0	56401.0	54404.0	52489.0	50079.0	47945.0	45269.0	43863.0	41515.0	40570.0	40527.0	40580.0	39505.0	35708.0	30239.0	25337.0	20639.0	16816.0	12658.0	9341.0	6269.0	4055.0	2422.0	1420.0	863.0	496.0	249.0	217.0
trimmed_Res2_Phage_J4_1_paired	30123.0	32316.0	34306.0	36213.0	38149.0	39378.0	40585.0	41412.0	41903.0	42995.0	43675.0	44279.0	44232.0	44966.0	44604.0	44751.0	44810.0	44213.0	43964.0	44070.0	43351.0	42520.0	42567.0	41120.0	39474.0	38160.0	36580.0	34584.0	32443.0	31381.0	29775.0	28071.0	26703.0	25308.0	24425.0	23500.0	23265.0	22513.0	21779.0	21401.0	20093.0	17084.0	16789.0	17659.0	29906.0	136548.0
trimmed_Res2_Phage_J4_2_paired	32403.0	34602.0	36902.0	38981.0	41218.0	42559.0	44291.0	44856.0	45708.0	46944.0	47731.0	48844.0	48458.0	49168.0	48695.0	48995.0	49084.0	48722.0	48804.0	49047.0	48451.0	47702.0	47488.0	46278.0	45391.0	44992.0	44151.0	44266.0	45138.0	45258.0	43488.0	39163.0	34814.0	31425.0	29297.0	27586.0	26026.0	23188.0	19968.0	15785.0	12834.0	11022.0	6921.0	4549.0	3154.0	3596.0
trimmed_Res2_Phage_J5_1_paired	9183.0	9349.0	9739.0	9971.0	10528.0	10641.0	10589.0	10887.0	10970.0	11172.0	11179.0	11302.0	11329.0	11308.0	11248.0	11180.0	11208.0	11195.0	10874.0	10869.0	10603.0	10562.0	10470.0	10200.0	9817.0	9715.0	9296.0	9441.0	8980.0	8592.0	8216.0	8162.0	7666.0	7177.0	6987.0	6605.0	6372.0	6023.0	5744.0	5625.0	5664.0	5328.0	6423.0	7815.0	17772.0	79797.0
trimmed_Res2_Phage_J5_2_paired	9866.0	10090.0	10591.0	10858.0	11367.0	11486.0	11554.0	11996.0	12139.0	12382.0	12480.0	12652.0	12677.0	12639.0	12664.0	12584.0	12649.0	12876.0	12628.0	12708.0	12665.0	12839.0	12870.0	12828.0	12644.0	12554.0	12146.0	12670.0	12554.0	12357.0	12621.0	13010.0	12659.0	13042.0	13495.0	13200.0	12536.0	11029.0	9412.0	7601.0	5974.0	5420.0	3342.0	2169.0	1604.0	1646.0
trimmed_Res2_Phage_J6_1_paired	20214.0	20787.0	21528.0	21766.0	22277.0	22549.0	23221.0	23196.0	23114.0	23047.0	23255.0	23641.0	23941.0	24076.0	24076.0	24229.0	24515.0	24737.0	24738.0	24770.0	25146.0	25336.0	25659.0	25578.0	25147.0	25125.0	24617.0	24125.0	23397.0	22722.0	22236.0	21176.0	21366.0	21486.0	22479.0	23859.0	26051.0	29109.0	32324.0	33924.0	33343.0	28982.0	24072.0	19045.0	21633.0	51430.0
trimmed_Res2_Phage_J6_2_paired	22378.0	22991.0	23958.0	24479.0	25024.0	25615.0	26918.0	26749.0	26703.0	27133.0	27668.0	28202.0	28655.0	28811.0	29183.0	29532.0	30320.0	30731.0	31193.0	31674.0	32484.0	33428.0	33936.0	34526.0	34665.0	35681.0	36734.0	39612.0	43694.0	47776.0	48657.0	43509.0	36215.0	28066.0	20118.0	14633.0	10800.0	6916.0	4675.0	3220.0	2087.0	1341.0	923.0	599.0	424.0	408.0
