Sample	Snippy_mqc-generalstats-snippy-VariantTotal	FastQC_mqc-generalstats-fastqc-percent_duplicates	FastQC_mqc-generalstats-fastqc-percent_gc	FastQC_mqc-generalstats-fastqc-avg_sequence_length	FastQC_mqc-generalstats-fastqc-percent_fails	FastQC_mqc-generalstats-fastqc-total_sequences
multiqc	0					
multiqc_general_stats	0					
trimmed_Res2_Phage_A1_1_paired		64.40482054051256	41.0	217.0162721680525	20.0	1944916.0
trimmed_Res2_Phage_A1_2_paired		63.36439150240995	40.0	189.50853610130207	20.0	1944916.0
trimmed_Res2_Phage_A2_1_paired		77.10973510694059	33.0	157.45165784816308	20.0	2403658.0
trimmed_Res2_Phage_A2_2_paired		76.91067769051887	33.0	149.46033004695343	30.0	2403658.0
trimmed_Res2_Phage_A3_1_paired		57.47838563017068	45.0	239.19824662741297	20.0	107336.0
trimmed_Res2_Phage_A3_2_paired		56.44890810166207	45.0	179.81353879406723	30.0	107336.0
trimmed_Res2_Phage_A4_1_paired		42.969128304222124	28.0	201.16509121691286	10.0	460715.0
trimmed_Res2_Phage_A4_2_paired		42.351353365117895	28.0	188.14500070542528	10.0	460715.0
trimmed_Res2_Phage_A5_1_paired		38.87196537719938	39.0	193.03525841671353	10.0	753976.0
trimmed_Res2_Phage_A5_2_paired		38.138654285978205	39.0	175.21043375385955	10.0	753976.0
trimmed_Res2_Phage_A6_1_paired		24.091253915973496	43.0	220.0341116480125	10.0	202189.0
trimmed_Res2_Phage_A6_2_paired		23.081514251660835	42.0	185.8211524860403	10.0	202189.0
trimmed_Res2_Phage_B1_1_paired		43.60017999068211	35.0	167.363702802698	0.0	1773327.0
trimmed_Res2_Phage_B1_2_paired		41.37344438507864	35.0	155.3401109891182	0.0	1773327.0
trimmed_Res2_Phage_B2_1_paired		88.9424329616964	38.0	191.45821367408132	10.0	4106104.0
trimmed_Res2_Phage_B2_2_paired		87.75104666103087	38.0	178.3965639935082	10.0	4106104.0
trimmed_Res2_Phage_B3_1_paired		28.002090346487478	35.0	229.47298620792958	10.0	260367.0
trimmed_Res2_Phage_B3_2_paired		27.783367501120694	35.0	198.4709621418997	10.0	260367.0
trimmed_Res2_Phage_B4_1_paired		51.16997513468115	35.0	193.90377436032577	20.0	1275024.0
trimmed_Res2_Phage_B4_2_paired		49.553217868355745	34.0	178.4379109726562	10.0	1275024.0
trimmed_Res2_Phage_B5_1_paired		59.96352251149348	38.0	164.19193011478043	10.0	294998.0
trimmed_Res2_Phage_B5_2_paired		58.22714375878362	38.0	150.89206706486146	20.0	294998.0
trimmed_Res2_Phage_B6_1_paired		51.02351012460908	37.0	154.5225627734265	20.0	773974.0
trimmed_Res2_Phage_B6_2_paired		50.64338182086441	37.0	147.67129386775267	20.0	773974.0
trimmed_Res2_Phage_C1_1_paired		36.43336210256366	37.0	184.2266061133881	0.0	2016296.0
trimmed_Res2_Phage_C1_2_paired		35.8707673754534	37.0	167.57070092883188	0.0	2016296.0
trimmed_Res2_Phage_C2_1_paired		32.3941298760694	40.0	170.23081629302413	0.0	645626.0
trimmed_Res2_Phage_C2_2_paired		31.09763167287035	40.0	153.32722659868097	0.0	645626.0
trimmed_Res2_Phage_C3_1_paired		28.286617344416072	38.0	212.2171499297656	10.0	580912.0
trimmed_Res2_Phage_C3_2_paired		27.632684046958445	38.0	182.13768178312722	10.0	580912.0
trimmed_Res2_Phage_C4_1_paired		37.26550350497053	36.0	184.38092577890734	10.0	1338959.0
trimmed_Res2_Phage_C4_2_paired		36.35176735419689	36.0	171.9448265406185	10.0	1338959.0
trimmed_Res2_Phage_C5_1_paired		29.317807180385998	39.0	172.4486650482458	10.0	814786.0
trimmed_Res2_Phage_C5_2_paired		28.665323250847536	39.0	157.5357750378627	10.0	814786.0
trimmed_Res2_Phage_C6_1_paired		12.72939994963815	38.0	213.45540532624534	10.0	546276.0
trimmed_Res2_Phage_C6_2_paired		12.514806038190315	38.0	189.6107590302338	10.0	546276.0
trimmed_Res2_Phage_D1_1_paired		19.48355762849998	37.0	200.01745433349151	0.0	950423.0
trimmed_Res2_Phage_D1_2_paired		19.131596143423167	37.0	178.49614013970623	0.0	950423.0
trimmed_Res2_Phage_D2_1_paired		33.9392856603408	35.0	193.6660299660084	0.0	1265901.0
trimmed_Res2_Phage_D2_2_paired		32.770437691246514	35.0	173.60307875576368	10.0	1265901.0
trimmed_Res2_Phage_D3_1_paired		54.60674581537277	31.0	175.01632157231205	10.0	1140944.0
trimmed_Res2_Phage_D3_2_paired		52.95155813144815	31.0	161.26208823570659	20.0	1140944.0
trimmed_Res2_Phage_D4_1_paired		46.80868351467541	32.0	179.87160808839602	10.0	448346.0
trimmed_Res2_Phage_D4_2_paired		45.551926464055256	32.0	170.47610327737954	10.0	448346.0
trimmed_Res2_Phage_D5_1_paired		35.041365156976866	38.0	177.89910414563388	10.0	1316397.0
trimmed_Res2_Phage_D5_2_paired		34.65862845162901	38.0	164.75951859507427	10.0	1316397.0
trimmed_Res2_Phage_D6_1_paired		51.059216666054965	34.0	170.91108655389553	20.0	1619800.0
trimmed_Res2_Phage_D6_2_paired		50.65385467595213	34.0	159.76609334485738	20.0	1619800.0
trimmed_Res2_Phage_E1_1_paired		44.31755677534763	38.0	200.3907994272981	10.0	4423942.0
trimmed_Res2_Phage_E1_2_paired		43.31070222944259	37.0	183.28033504960055	10.0	4423942.0
trimmed_Res2_Phage_E2_1_paired		35.564837712596315	37.0	173.52036032772563	10.0	1501744.0
trimmed_Res2_Phage_E2_2_paired		34.95867230092503	37.0	158.54275961815063	20.0	1501744.0
trimmed_Res2_Phage_E3_1_paired		33.38944338087515	40.0	167.19994569331405	10.0	1266879.0
trimmed_Res2_Phage_E3_2_paired		33.01834460137728	40.0	153.45458958590362	10.0	1266879.0
trimmed_Res2_Phage_E4_1_paired		73.1368744011492	39.0	196.2361225847378	20.0	5444854.0
trimmed_Res2_Phage_E4_2_paired		72.37579380666376	39.0	179.8181591278664	10.0	5444854.0
trimmed_Res2_Phage_E5_1_paired		27.639256055325774	38.0	215.5436061402481	10.0	597370.0
trimmed_Res2_Phage_E5_2_paired		26.99675373752467	38.0	195.7544269045985	10.0	597370.0
trimmed_Res2_Phage_E6_1_paired		41.15275251002198	39.0	216.89287885133407	10.0	613651.0
trimmed_Res2_Phage_E6_2_paired		40.20458917638751	39.0	183.6834845865158	10.0	613651.0
trimmed_Res2_Phage_F1_1_paired		30.578433040565073	47.0	208.9610210996414	0.0	2126766.0
trimmed_Res2_Phage_F1_2_paired		29.800373815510866	46.0	181.03178064723622	0.0	2126766.0
trimmed_Res2_Phage_F2_1_paired		39.27759673871767	47.0	183.11239313581498	10.0	1045135.0
trimmed_Res2_Phage_F2_2_paired		38.75656591460742	47.0	163.4127045788343	10.0	1045135.0
trimmed_Res2_Phage_F3_1_paired		52.28802717051307	34.0	184.37015478125662	10.0	1414900.0
trimmed_Res2_Phage_F3_2_paired		49.899263068026244	34.0	170.65720899003463	0.0	1414900.0
trimmed_Res2_Phage_F4_1_paired		49.583900394080814	38.0	212.7797968897362	10.0	1087882.0
trimmed_Res2_Phage_F4_2_paired		48.77457720460864	37.0	191.7040120160091	10.0	1087882.0
trimmed_Res2_Phage_F5_1_paired		29.09422866882572	41.0	171.5315801895854	10.0	728748.0
trimmed_Res2_Phage_F5_2_paired		29.020044797266536	40.0	158.8244770483075	10.0	728748.0
trimmed_Res2_Phage_F6_1_paired		32.57614020695961	47.0	201.40721117562802	10.0	454489.0
trimmed_Res2_Phage_F6_2_paired		32.13012493665936	46.0	179.94849380293033	10.0	454489.0
trimmed_Res2_Phage_G1_1_paired		37.176817202219794	35.0	149.9232552354966	10.0	1724717.0
trimmed_Res2_Phage_G1_2_paired		36.52264021070085	35.0	142.32746241847212	10.0	1724717.0
trimmed_Res2_Phage_G2_1_paired		56.545853347199284	37.0	195.6249220941103	10.0	1180912.0
trimmed_Res2_Phage_G2_2_paired		55.493389589807094	37.0	176.69955339601935	10.0	1180912.0
trimmed_Res2_Phage_G3_1_paired		70.39253965296555	40.0	156.04670809262652	10.0	1496807.0
trimmed_Res2_Phage_G3_2_paired		69.62014716836197	40.0	144.1588294282429	20.0	1496807.0
trimmed_Res2_Phage_G4_1_paired		45.650369324449905	38.0	163.27906716723464	10.0	1270024.0
trimmed_Res2_Phage_G4_2_paired		43.81250654880242	38.0	153.48911437894088	10.0	1270024.0
trimmed_Res2_Phage_G5_1_paired		49.583873336968864	42.0	174.42763103949306	0.0	609778.0
trimmed_Res2_Phage_G5_2_paired		48.385741077615876	42.0	156.04576747603227	0.0	609778.0
trimmed_Res2_Phage_G6_1_paired		46.896986781424744	42.0	207.27267557038456	0.0	421996.0
trimmed_Res2_Phage_G6_2_paired		45.40682300536118	42.0	172.57918084531607	0.0	421996.0
trimmed_Res2_Phage_H1_1_paired		49.644811978742275	39.0	194.0845258125498	0.0	1289121.0
trimmed_Res2_Phage_H1_2_paired		49.22003619717853	38.0	174.5654504115595	0.0	1289121.0
trimmed_Res2_Phage_H2_1_paired		59.22589259977006	40.0	167.08853980510503	10.0	2372560.0
trimmed_Res2_Phage_H2_2_paired		58.55528458450473	40.0	154.36152847557068	20.0	2372560.0
trimmed_Res2_Phage_H3_1_paired		25.070792781572564	41.0	215.7727374727194	10.0	1559716.0
trimmed_Res2_Phage_H3_2_paired		24.6814531605921	40.0	187.0645213615812	0.0	1559716.0
trimmed_Res2_Phage_H4_1_paired		32.28072283688198	39.0	213.60772236665244	10.0	496972.0
trimmed_Res2_Phage_H4_2_paired		31.848997342604832	38.0	187.85606633774137	10.0	496972.0
trimmed_Res2_Phage_H5_1_paired		25.062459715712237	43.0	204.8363603988604	0.0	140400.0
trimmed_Res2_Phage_H5_2_paired		24.569190983954144	43.0	177.26033475783476	0.0	140400.0
trimmed_Res2_Phage_H6_1_paired		29.480299350180758	43.0	179.29920738532329	0.0	966674.0
trimmed_Res2_Phage_H6_2_paired		29.26709478642266	43.0	165.6889540837966	0.0	966674.0
trimmed_Res2_Phage_I1_1_paired		47.43522902220835	36.0	182.88404695515268	10.0	1733995.0
trimmed_Res2_Phage_I1_2_paired		46.654075784796	36.0	169.69696048719862	10.0	1733995.0
trimmed_Res2_Phage_I2_1_paired		40.54609934962983	37.0	199.14100576668318	10.0	1428204.0
trimmed_Res2_Phage_I2_2_paired		38.83990053251117	37.0	187.04283561732078	10.0	1428204.0
trimmed_Res2_Phage_I3_1_paired		35.37960894448548	32.0	186.3420517662508	0.0	712781.0
trimmed_Res2_Phage_I3_2_paired		34.697830081347064	32.0	173.32815829827115	10.0	712781.0
trimmed_Res2_Phage_I4_1_paired		31.198469800670537	37.0	193.4382202237572	0.0	953176.0
trimmed_Res2_Phage_I4_2_paired		29.97449040137532	37.0	175.02153537227122	0.0	953176.0
trimmed_Res2_Phage_I5_1_paired		51.23713422820425	36.0	184.9544689040859	10.0	1496933.0
trimmed_Res2_Phage_I5_2_paired		50.950148665352316	36.0	172.20910755524795	10.0	1496933.0
trimmed_Res2_Phage_I6_1_paired		49.81903491412278	35.0	204.05416027187022	10.0	1459520.0
trimmed_Res2_Phage_I6_2_paired		49.21637427529342	35.0	190.7816974073668	10.0	1459520.0
trimmed_Res2_Phage_J1_1_paired		35.51196662017003	37.0	187.79845273919318	0.0	1599084.0
trimmed_Res2_Phage_J1_2_paired		34.6773926163676	37.0	167.91766849021064	0.0	1599084.0
trimmed_Res2_Phage_J2_1_paired		67.92704570184212	36.0	157.41284354689063	10.0	2079083.0
trimmed_Res2_Phage_J2_2_paired		67.7347723199569	36.0	150.6121852759125	20.0	2079083.0
trimmed_Res2_Phage_J4_1_paired		56.10587533038303	40.0	184.6289258582784	10.0	1687943.0
trimmed_Res2_Phage_J4_2_paired		55.69261722438489	39.0	171.2343692885364	10.0	1687943.0
trimmed_Res2_Phage_J5_1_paired		28.45380263967185	36.0	198.2916988405492	0.0	503773.0
trimmed_Res2_Phage_J5_2_paired		28.003281788335826	36.0	179.64619977648664	0.0	503773.0
trimmed_Res2_Phage_J6_1_paired		42.45918214167729	36.0	195.3755524721708	0.0	1143044.0
trimmed_Res2_Phage_J6_2_paired		41.62370191172534	36.0	173.38387673615364	10.0	1143044.0
