	2.0	3.0	4.0	5.0	6.0	7.0	8.0	9.0	10.0	11.0	12.0	13.0	14.0	15.0	16.0	17.0	18.0	19.0	20.0	21.0	22.0	23.0	24.0	25.0	26.0	27.0	28.0	29.0	30.0	31.0	32.0	33.0	34.0	35.0	36.0	37.0
Res2_DNA_A1_1	2497.0	860.0	664.0	732.0	1053.0	1409.0	1880.0	2543.0	3337.0	4246.0	5975.0	7926.0	10957.0	15780.0	22408.0	31096.0	42769.0	58850.0	79622.0	109658.0	151815.0	210154.0	291762.0	401343.0	536140.0	701630.0	902327.0	1145917.0	1447996.0	1843309.0	2379919.0	3154135.0	4368347.0	6402861.0	10022565.0	9638421.0
	2.0	3.0	4.0	5.0	6.0	7.0	8.0	9.0	10.0	11.0	12.0	13.0	14.0	15.0	16.0	17.0	18.0	19.0	20.0	21.0	22.0	23.0	24.0	25.0	26.0	27.0	28.0	29.0	30.0	31.0	32.0	33.0	34.0	35.0	36.0	37.0
Res2_DNA_A1_2	104675.0	56603.0	36679.0	28909.0	26137.0	26783.0	29466.0	33950.0	40888.0	47948.0	58724.0	73667.0	91254.0	116583.0	145840.0	181560.0	224273.0	277260.0	337891.0	406618.0	487984.0	578204.0	680302.0	800201.0	934169.0	1090625.0	1273960.0	1490345.0	1760472.0	2105550.0	2563616.0	3203610.0	4130337.0	5552892.0	7812278.0	7192650.0
	2.0	3.0	4.0	5.0	6.0	7.0	8.0	9.0	10.0	11.0	12.0	13.0	14.0	15.0	16.0	17.0	18.0	19.0	20.0	21.0	22.0	23.0	24.0	25.0	26.0	27.0	28.0	29.0	30.0	31.0	32.0	33.0	34.0	35.0	36.0	37.0
Res2_DNA_A2_1	2470.0	874.0	648.0	599.0	856.0	1204.0	1528.0	1965.0	2557.0	3451.0	4754.0	6374.0	9005.0	12874.0	18109.0	26056.0	35847.0	49493.0	68624.0	96525.0	135379.0	191653.0	272946.0	381330.0	514186.0	680738.0	877956.0	1119612.0	1421603.0	1813040.0	2348410.0	3136900.0	4393017.0	6615763.0	10872752.0	11009392.0
	2.0	3.0	4.0	5.0	6.0	7.0	8.0	9.0	10.0	11.0	12.0	13.0	14.0	15.0	16.0	17.0	18.0	19.0	20.0	21.0	22.0	23.0	24.0	25.0	26.0	27.0	28.0	29.0	30.0	31.0	32.0	33.0	34.0	35.0	36.0	37.0
Res2_DNA_A2_2	107359.0	57061.0	35262.0	27701.0	24057.0	24159.0	26930.0	30853.0	35695.0	42493.0	51721.0	64661.0	80679.0	103997.0	131377.0	166222.0	208090.0	260573.0	321021.0	392531.0	476506.0	570165.0	681200.0	800942.0	941416.0	1103434.0	1294110.0	1520744.0	1806090.0	2167426.0	2661081.0	3349923.0	4364782.0	5969149.0	8531128.0	7697952.0
	2.0	3.0	4.0	5.0	6.0	7.0	8.0	9.0	10.0	11.0	12.0	13.0	14.0	15.0	16.0	17.0	18.0	19.0	20.0	21.0	22.0	23.0	24.0	25.0	26.0	27.0	28.0	29.0	30.0	31.0	32.0	33.0	34.0	35.0	36.0	37.0	38.0	39.0
Res2_DNA_A3_1	2460.0	885.0	701.0	673.0	904.0	1217.0	1631.0	2471.0	2901.0	3737.0	5103.0	7137.0	10032.0	13995.0	20351.0	28441.0	39401.0	54739.0	74519.0	102293.0	142320.0	200856.0	282279.0	390442.0	524711.0	696722.0	903773.0	1160256.0	1481386.0	1897129.0	2468505.0	3309607.0	4638117.0	6956857.0	11215318.0	10839741.0	521793.0	1848726.0
	2.0	3.0	4.0	5.0	6.0	7.0	8.0	9.0	10.0	11.0	12.0	13.0	14.0	15.0	16.0	17.0	18.0	19.0	20.0	21.0	22.0	23.0	24.0	25.0	26.0	27.0	28.0	29.0	30.0	31.0	32.0	33.0	34.0	35.0	36.0	37.0	38.0	39.0
Res2_DNA_A3_2	130287.0	67227.0	39307.0	30241.0	25405.0	25538.0	27372.0	30855.0	35789.0	41712.0	50620.0	62003.0	76944.0	96216.0	122215.0	153424.0	191756.0	238602.0	296726.0	363908.0	440473.0	532277.0	635546.0	755026.0	893591.0	1059893.0	1253847.0	1495116.0	1793785.0	2181128.0	2707248.0	3453355.0	4556625.0	6318475.0	9176338.0	8483571.0	802180.0	1207508.0
	2.0	3.0	4.0	5.0	6.0	7.0	8.0	9.0	10.0	11.0	12.0	13.0	14.0	15.0	16.0	17.0	18.0	19.0	20.0	21.0	22.0	23.0	24.0	25.0	26.0	27.0	28.0	29.0	30.0	31.0	32.0	33.0	34.0	35.0	36.0	37.0
Res2_DNA_A4_1	2894.0	971.0	735.0	748.0	890.0	1173.0	1591.0	2084.0	2680.0	3597.0	4874.0	6615.0	9154.0	13036.0	18946.0	26947.0	38082.0	52606.0	72631.0	101828.0	142912.0	200891.0	283913.0	391782.0	527536.0	695470.0	892434.0	1138290.0	1439346.0	1834551.0	2378722.0	3157802.0	4393109.0	6503837.0	10243765.0	9689768.0
	2.0	3.0	4.0	5.0	6.0	7.0	8.0	9.0	10.0	11.0	12.0	13.0	14.0	15.0	16.0	17.0	18.0	19.0	20.0	21.0	22.0	23.0	24.0	25.0	26.0	27.0	28.0	29.0	30.0	31.0	32.0	33.0	34.0	35.0	36.0	37.0
Res2_DNA_A4_2	89929.0	48554.0	30824.0	24147.0	20543.0	21235.0	23723.0	26988.0	31652.0	37655.0	45817.0	57053.0	72108.0	91715.0	117091.0	148604.0	187486.0	235124.0	291710.0	357148.0	434398.0	523261.0	626334.0	741280.0	878395.0	1034927.0	1218138.0	1439271.0	1718610.0	2075528.0	2548113.0	3214240.0	4199361.0	5721571.0	8211625.0	7732052.0
	2.0	3.0	4.0	5.0	6.0	7.0	8.0	9.0	10.0	11.0	12.0	13.0	14.0	15.0	16.0	17.0	18.0	19.0	20.0	21.0	22.0	23.0	24.0	25.0	26.0	27.0	28.0	29.0	30.0	31.0	32.0	33.0	34.0	35.0	36.0	37.0
Res2_DNA_A5_1	2654.0	933.0	754.0	707.0	1012.0	1359.0	1955.0	2633.0	3371.0	4292.0	5863.0	7944.0	10941.0	15838.0	22167.0	31085.0	43805.0	60485.0	83245.0	114075.0	157114.0	220285.0	307393.0	420883.0	562856.0	733343.0	943850.0	1200719.0	1514956.0	1932972.0	2507479.0	3336288.0	4637700.0	6830643.0	10614554.0	9577345.0
	2.0	3.0	4.0	5.0	6.0	7.0	8.0	9.0	10.0	11.0	12.0	13.0	14.0	15.0	16.0	17.0	18.0	19.0	20.0	21.0	22.0	23.0	24.0	25.0	26.0	27.0	28.0	29.0	30.0	31.0	32.0	33.0	34.0	35.0	36.0	37.0
Res2_DNA_A5_2	90584.0	51093.0	33884.0	27287.0	23516.0	24545.0	27340.0	31606.0	36778.0	44517.0	53738.0	67997.0	84227.0	107077.0	136663.0	171713.0	216268.0	266256.0	329322.0	399196.0	482623.0	574701.0	681299.0	805623.0	944659.0	1106029.0	1298099.0	1531179.0	1813576.0	2180811.0	2669137.0	3351961.0	4356318.0	5898841.0	8356511.0	7638524.0
	2.0	3.0	4.0	5.0	6.0	7.0	8.0	9.0	10.0	11.0	12.0	13.0	14.0	15.0	16.0	17.0	18.0	19.0	20.0	21.0	22.0	23.0	24.0	25.0	26.0	27.0	28.0	29.0	30.0	31.0	32.0	33.0	34.0	35.0	36.0	37.0
Res2_DNA_A6_1	2877.0	1110.0	746.0	717.0	1037.0	1339.0	1915.0	2406.0	3092.0	4141.0	5434.0	7353.0	10721.0	15252.0	21919.0	31350.0	43404.0	60592.0	81596.0	112562.0	157174.0	216909.0	302162.0	413107.0	554021.0	726180.0	936516.0	1186761.0	1502843.0	1908935.0	2474736.0	3286124.0	4568186.0	6749845.0	10665249.0	10300937.0
	2.0	3.0	4.0	5.0	6.0	7.0	8.0	9.0	10.0	11.0	12.0	13.0	14.0	15.0	16.0	17.0	18.0	19.0	20.0	21.0	22.0	23.0	24.0	25.0	26.0	27.0	28.0	29.0	30.0	31.0	32.0	33.0	34.0	35.0	36.0	37.0
Res2_DNA_A6_2	86194.0	49947.0	32373.0	26249.0	23435.0	23609.0	26948.0	30918.0	36959.0	43899.0	52539.0	66303.0	85058.0	109113.0	137721.0	172571.0	214375.0	267465.0	327719.0	398800.0	480911.0	572758.0	679003.0	798186.0	937496.0	1100586.0	1290060.0	1516021.0	1801959.0	2170883.0	2662396.0	3355366.0	4367137.0	5956055.0	8530374.0	7927862.0
	2.0	3.0	4.0	5.0	6.0	7.0	8.0	9.0	10.0	11.0	12.0	13.0	14.0	15.0	16.0	17.0	18.0	19.0	20.0	21.0	22.0	23.0	24.0	25.0	26.0	27.0	28.0	29.0	30.0	31.0	32.0	33.0	34.0	35.0	36.0	37.0
Res2_DNA_B1_1	3260.0	1141.0	903.0	746.0	1007.0	1259.0	1825.0	2352.0	2995.0	3981.0	5215.0	7206.0	9814.0	13729.0	19856.0	27763.0	38155.0	51755.0	70807.0	96151.0	135144.0	191249.0	269485.0	377843.0	510928.0	672050.0	869202.0	1111432.0	1410892.0	1799144.0	2337278.0	3126082.0	4383111.0	6594799.0	10811235.0	11348410.0
	2.0	3.0	4.0	5.0	6.0	7.0	8.0	9.0	10.0	11.0	12.0	13.0	14.0	15.0	16.0	17.0	18.0	19.0	20.0	21.0	22.0	23.0	24.0	25.0	26.0	27.0	28.0	29.0	30.0	31.0	32.0	33.0	34.0	35.0	36.0	37.0
Res2_DNA_B1_2	124075.0	66860.0	41590.0	31443.0	27222.0	27600.0	29764.0	33394.0	38596.0	44903.0	54087.0	65991.0	81882.0	102831.0	128350.0	160149.0	198408.0	245516.0	298548.0	360820.0	436452.0	520657.0	620512.0	732706.0	866440.0	1023547.0	1199340.0	1422320.0	1700393.0	2058311.0	2540913.0	3234835.0	4277272.0	5969194.0	8851849.0	8691434.0
	2.0	3.0	4.0	5.0	6.0	7.0	8.0	9.0	10.0	11.0	12.0	13.0	14.0	15.0	16.0	17.0	18.0	19.0	20.0	21.0	22.0	23.0	24.0	25.0	26.0	27.0	28.0	29.0	30.0	31.0	32.0	33.0	34.0	35.0	36.0	37.0
Res2_DNA_B2_1	2711.0	949.0	757.0	588.0	747.0	1071.0	1360.0	1856.0	2282.0	2947.0	3739.0	5457.0	7529.0	10443.0	14896.0	21679.0	30946.0	43153.0	61098.0	87304.0	126818.0	184189.0	265162.0	372201.0	505799.0	670203.0	866754.0	1102754.0	1397761.0	1777693.0	2298630.0	3070290.0	4303427.0	6474538.0	10619181.0	10707856.0
	2.0	3.0	4.0	5.0	6.0	7.0	8.0	9.0	10.0	11.0	12.0	13.0	14.0	15.0	16.0	17.0	18.0	19.0	20.0	21.0	22.0	23.0	24.0	25.0	26.0	27.0	28.0	29.0	30.0	31.0	32.0	33.0	34.0	35.0	36.0	37.0
Res2_DNA_B2_2	110367.0	56526.0	34556.0	26849.0	22813.0	22087.0	23861.0	26596.0	30586.0	34935.0	42203.0	52140.0	64749.0	81974.0	104678.0	134814.0	171619.0	217250.0	273998.0	341461.0	418711.0	507861.0	610509.0	727167.0	862339.0	1017006.0	1201431.0	1421271.0	1694894.0	2050972.0	2527698.0	3208079.0	4235325.0	5885475.0	8636779.0	8165189.0
	2.0	3.0	4.0	5.0	6.0	7.0	8.0	9.0	10.0	11.0	12.0	13.0	14.0	15.0	16.0	17.0	18.0	19.0	20.0	21.0	22.0	23.0	24.0	25.0	26.0	27.0	28.0	29.0	30.0	31.0	32.0	33.0	34.0	35.0	36.0	37.0
Res2_DNA_B3_1	2960.0	993.0	679.0	550.0	723.0	810.0	1162.0	1557.0	1967.0	2503.0	3321.0	4507.0	6384.0	8921.0	12640.0	18132.0	26302.0	36655.0	51506.0	74922.0	108065.0	157278.0	229215.0	324436.0	448313.0	597287.0	781918.0	1005846.0	1284145.0	1647163.0	2156641.0	2905880.0	4140182.0	6422728.0	11335763.0	13327286.0
	2.0	3.0	4.0	5.0	6.0	7.0	8.0	9.0	10.0	11.0	12.0	13.0	14.0	15.0	16.0	17.0	18.0	19.0	20.0	21.0	22.0	23.0	24.0	25.0	26.0	27.0	28.0	29.0	30.0	31.0	32.0	33.0	34.0	35.0	36.0	37.0
Res2_DNA_B3_2	106357.0	54293.0	30832.0	23297.0	19634.0	19103.0	20821.0	23626.0	26876.0	31231.0	36795.0	44717.0	54933.0	70309.0	89304.0	113969.0	145783.0	183955.0	232688.0	289597.0	357757.0	437261.0	528893.0	635006.0	761630.0	908489.0	1087456.0	1300506.0	1578789.0	1939657.0	2436931.0	3163957.0	4299051.0	6215241.0	9778886.0	10081710.0
	2.0	3.0	4.0	5.0	6.0	7.0	8.0	9.0	10.0	11.0	12.0	13.0	14.0	15.0	16.0	17.0	18.0	19.0	20.0	21.0	22.0	23.0	24.0	25.0	26.0	27.0	28.0	29.0	30.0	31.0	32.0	33.0	34.0	35.0	36.0	37.0	38.0	39.0
Res2_DNA_B4_1	2993.0	1006.0	757.0	782.0	1083.0	1485.0	2045.0	2596.0	3305.0	4518.0	5913.0	7809.0	11466.0	15711.0	22738.0	31956.0	43900.0	59453.0	80550.0	109811.0	150967.0	210995.0	293798.0	402734.0	538121.0	703312.0	903278.0	1142344.0	1446014.0	1831664.0	2357944.0	3110624.0	4259007.0	6129490.0	9171436.0	8122521.0	465937.0	1320100.0
	2.0	3.0	4.0	5.0	6.0	7.0	8.0	9.0	10.0	11.0	12.0	13.0	14.0	15.0	16.0	17.0	18.0	19.0	20.0	21.0	22.0	23.0	24.0	25.0	26.0	27.0	28.0	29.0	30.0	31.0	32.0	33.0	34.0	35.0	36.0	37.0	38.0	39.0
Res2_DNA_B4_2	100209.0	53837.0	33897.0	27862.0	25145.0	26443.0	28897.0	33726.0	39830.0	47818.0	57952.0	72216.0	91743.0	115278.0	144081.0	179514.0	220187.0	273763.0	337238.0	407325.0	485388.0	573708.0	672848.0	787517.0	912073.0	1062494.0	1236191.0	1441809.0	1696603.0	2021954.0	2450918.0	3046654.0	3908854.0	5202237.0	7208250.0	6623551.0	642280.0	679873.0
	2.0	3.0	4.0	5.0	6.0	7.0	8.0	9.0	10.0	11.0	12.0	13.0	14.0	15.0	16.0	17.0	18.0	19.0	20.0	21.0	22.0	23.0	24.0	25.0	26.0	27.0	28.0	29.0	30.0	31.0	32.0	33.0	34.0	35.0	36.0	37.0
Res2_DNA_B5_1	2905.0	1037.0	711.0	641.0	962.0	1413.0	1918.0	2604.0	3146.0	4105.0	5535.0	7484.0	10490.0	14958.0	21745.0	30151.0	42378.0	57627.0	79084.0	107546.0	150851.0	210558.0	297319.0	412644.0	555190.0	729142.0	935393.0	1189496.0	1502650.0	1909301.0	2467519.0	3265518.0	4516812.0	6605804.0	10146105.0	9100657.0
	2.0	3.0	4.0	5.0	6.0	7.0	8.0	9.0	10.0	11.0	12.0	13.0	14.0	15.0	16.0	17.0	18.0	19.0	20.0	21.0	22.0	23.0	24.0	25.0	26.0	27.0	28.0	29.0	30.0	31.0	32.0	33.0	34.0	35.0	36.0	37.0
Res2_DNA_B5_2	109720.0	53644.0	33543.0	26513.0	23443.0	25095.0	27736.0	32319.0	38350.0	45774.0	56497.0	70161.0	88631.0	112835.0	141778.0	179011.0	224363.0	277270.0	341000.0	413281.0	498573.0	598295.0	707477.0	832236.0	975221.0	1138927.0	1332104.0	1564154.0	1844869.0	2205074.0	2683627.0	3347141.0	4304977.0	5727342.0	7822832.0	6487586.0
	2.0	3.0	4.0	5.0	6.0	7.0	8.0	9.0	10.0	11.0	12.0	13.0	14.0	15.0	16.0	17.0	18.0	19.0	20.0	21.0	22.0	23.0	24.0	25.0	26.0	27.0	28.0	29.0	30.0	31.0	32.0	33.0	34.0	35.0	36.0	37.0
Res2_DNA_B6_1	2973.0	999.0	865.0	789.0	1045.0	1332.0	1906.0	2563.0	3096.0	4023.0	5253.0	7348.0	10209.0	14243.0	19984.0	28699.0	39467.0	52890.0	71464.0	97131.0	135644.0	189703.0	267625.0	373002.0	508551.0	672181.0	871264.0	1111934.0	1407893.0	1796496.0	2323788.0	3084245.0	4282593.0	6370939.0	10451842.0	11615097.0
	2.0	3.0	4.0	5.0	6.0	7.0	8.0	9.0	10.0	11.0	12.0	13.0	14.0	15.0	16.0	17.0	18.0	19.0	20.0	21.0	22.0	23.0	24.0	25.0	26.0	27.0	28.0	29.0	30.0	31.0	32.0	33.0	34.0	35.0	36.0	37.0
Res2_DNA_B6_2	89465.0	52619.0	35017.0	29218.0	26651.0	27827.0	30761.0	36367.0	43578.0	51000.0	63736.0	79233.0	98649.0	125237.0	156632.0	194285.0	237328.0	291118.0	350877.0	423080.0	504078.0	598013.0	701773.0	818772.0	953239.0	1106558.0	1292496.0	1505709.0	1775264.0	2117574.0	2583837.0	3228581.0	4188179.0	5699041.0	8268258.0	8045026.0
	2.0	3.0	4.0	5.0	6.0	7.0	8.0	9.0	10.0	11.0	12.0	13.0	14.0	15.0	16.0	17.0	18.0	19.0	20.0	21.0	22.0	23.0	24.0	25.0	26.0	27.0	28.0	29.0	30.0	31.0	32.0	33.0	34.0	35.0	36.0	37.0
Res2_DNA_C1_1	5674.0	1560.0	693.0	534.0	835.0	1041.0	1437.0	1903.0	2302.0	2972.0	4109.0	5589.0	8175.0	12849.0	18421.0	25682.0	33815.0	43462.0	57026.0	74512.0	105138.0	150710.0	221047.0	315012.0	437668.0	590075.0	777373.0	1010014.0	1294566.0	1667464.0	2173523.0	2911359.0	4059096.0	6021685.0	9579796.0	8894768.0
	2.0	3.0	4.0	5.0	6.0	7.0	8.0	9.0	10.0	11.0	12.0	13.0	14.0	15.0	16.0	17.0	18.0	19.0	20.0	21.0	22.0	23.0	24.0	25.0	26.0	27.0	28.0	29.0	30.0	31.0	32.0	33.0	34.0	35.0	36.0	37.0
Res2_DNA_C1_2	81788.0	44945.0	29962.0	25335.0	23583.0	24494.0	27780.0	32492.0	38456.0	46089.0	56377.0	70584.0	92990.0	118040.0	143886.0	173942.0	214789.0	260515.0	315864.0	380914.0	458007.0	541761.0	637800.0	746610.0	872532.0	1014285.0	1182975.0	1379394.0	1621165.0	1934471.0	2345916.0	2917404.0	3754124.0	5052820.0	7196959.0	6652837.0
	2.0	3.0	4.0	5.0	6.0	7.0	8.0	9.0	10.0	11.0	12.0	13.0	14.0	15.0	16.0	17.0	18.0	19.0	20.0	21.0	22.0	23.0	24.0	25.0	26.0	27.0	28.0	29.0	30.0	31.0	32.0	33.0	34.0	35.0	36.0	37.0	38.0	39.0
Res2_DNA_C2_1	6863.0	1743.0	846.0	609.0	821.0	1159.0	1700.0	1882.0	2305.0	3198.0	4145.0	5556.0	9021.0	15456.0	23971.0	33023.0	40514.0	47870.0	56521.0	71510.0	99317.0	141315.0	209209.0	301215.0	422139.0	575287.0	759734.0	987128.0	1267690.0	1627966.0	2115681.0	2819497.0	3907059.0	5758357.0	9094188.0	8553443.0	1653892.0	4746942.0
	2.0	3.0	4.0	5.0	6.0	7.0	8.0	9.0	10.0	11.0	12.0	13.0	14.0	15.0	16.0	17.0	18.0	19.0	20.0	21.0	22.0	23.0	24.0	25.0	26.0	27.0	28.0	29.0	30.0	31.0	32.0	33.0	34.0	35.0	36.0	37.0	38.0	39.0
Res2_DNA_C2_2	145639.0	71958.0	44202.0	36389.0	34234.0	34409.0	37335.0	43066.0	50437.0	58253.0	69587.0	86506.0	118867.0	150612.0	174291.0	203958.0	246652.0	307489.0	389485.0	474371.0	563683.0	656370.0	757893.0	870883.0	997122.0	1138618.0	1305046.0	1496992.0	1734525.0	2032699.0	2427501.0	2961207.0	3728047.0	4878472.0	6612095.0	6055889.0	2385523.0	1988467.0
	17.0	18.0	19.0	20.0	21.0	22.0	23.0	24.0	25.0	26.0	27.0	28.0	29.0	30.0	31.0	32.0	33.0	34.0	35.0	36.0	37.0
Res2_DNA_C3_1	18.0	85.0	110.0	300.0	1373.0	6041.0	20856.0	53275.0	107909.0	185427.0	286997.0	413645.0	567309.0	760676.0	1006441.0	1346623.0	1840005.0	2633327.0	4070743.0	7085761.0	8305809.0
	11.0	12.0	13.0	14.0	15.0	16.0	17.0	18.0	19.0	20.0	21.0	22.0	23.0	24.0	25.0	26.0	27.0	28.0	29.0	30.0	31.0	32.0	33.0	34.0	35.0	36.0	37.0
Res2_DNA_C3_2	2.0	1.0	0.0	1.0	14.0	39.0	217.0	1621.0	7529.0	23423.0	53254.0	99771.0	159684.0	231051.0	315198.0	407163.0	516199.0	644657.0	800663.0	995370.0	1255624.0	1610134.0	2112818.0	2847513.0	3991350.0	5967633.0	6651801.0
	2.0	3.0	4.0	5.0	6.0	7.0	8.0	9.0	10.0	11.0	12.0	13.0	14.0	15.0	16.0	17.0	18.0	19.0	20.0	21.0	22.0	23.0	24.0	25.0	26.0	27.0	28.0	29.0	30.0	31.0	32.0	33.0	34.0	35.0	36.0	37.0	38.0	39.0
Res2_DNA_C4_1	5042.0	1316.0	633.0	468.0	656.0	859.0	1220.0	1537.0	2108.0	2666.0	3629.0	4654.0	7001.0	10060.0	14682.0	20211.0	27566.0	36993.0	49735.0	67193.0	94369.0	137874.0	200533.0	287444.0	399793.0	544166.0	721840.0	939899.0	1210924.0	1561310.0	2050889.0	2747294.0	3839250.0	5715332.0	9156552.0	8721872.0	863616.0	2752585.0
	2.0	3.0	4.0	5.0	6.0	7.0	8.0	9.0	10.0	11.0	12.0	13.0	14.0	15.0	16.0	17.0	18.0	19.0	20.0	21.0	22.0	23.0	24.0	25.0	26.0	27.0	28.0	29.0	30.0	31.0	32.0	33.0	34.0	35.0	36.0	37.0	38.0	39.0
Res2_DNA_C4_2	75385.0	39629.0	26051.0	21313.0	19382.0	20526.0	23129.0	27158.0	31985.0	37965.0	46154.0	57898.0	74319.0	92826.0	116004.0	142755.0	176283.0	217739.0	271552.0	332783.0	402563.0	480141.0	570288.0	672766.0	788690.0	923056.0	1078807.0	1273920.0	1507180.0	1809037.0	2206399.0	2766070.0	3591549.0	4877913.0	7110223.0	7422738.0	1285286.0	1586309.0
	2.0	3.0	4.0	5.0	6.0	7.0	8.0	9.0	10.0	11.0	12.0	13.0	14.0	15.0	16.0	17.0	18.0	19.0	20.0	21.0	22.0	23.0	24.0	25.0	26.0	27.0	28.0	29.0	30.0	31.0	32.0	33.0	34.0	35.0	36.0	37.0
Res2_DNA_C5_1	4855.0	1369.0	597.0	369.0	449.0	726.0	821.0	1231.0	1456.0	1927.0	2634.0	3415.0	4758.0	7075.0	10200.0	14187.0	19239.0	25729.0	35220.0	49117.0	73290.0	112192.0	171592.0	256505.0	366858.0	505738.0	679204.0	889979.0	1160185.0	1507392.0	1992827.0	2708042.0	3870101.0	5998333.0	10454385.0	11602744.0
	2.0	3.0	4.0	5.0	6.0	7.0	8.0	9.0	10.0	11.0	12.0	13.0	14.0	15.0	16.0	17.0	18.0	19.0	20.0	21.0	22.0	23.0	24.0	25.0	26.0	27.0	28.0	29.0	30.0	31.0	32.0	33.0	34.0	35.0	36.0	37.0
Res2_DNA_C5_2	65047.0	35774.0	23273.0	18695.0	16408.0	17102.0	18919.0	21462.0	25209.0	29505.0	35575.0	44003.0	55367.0	70255.0	87934.0	110984.0	140128.0	175136.0	220420.0	274780.0	337015.0	413602.0	502159.0	603052.0	719767.0	853527.0	1017019.0	1210111.0	1454073.0	1764962.0	2191624.0	2810154.0	3757729.0	5366634.0	8415221.0	9632116.0
	2.0	3.0	4.0	5.0	6.0	7.0	8.0	9.0	10.0	11.0	12.0	13.0	14.0	15.0	16.0	17.0	18.0	19.0	20.0	21.0	22.0	23.0	24.0	25.0	26.0	27.0	28.0	29.0	30.0	31.0	32.0	33.0	34.0	35.0	36.0	37.0	38.0	39.0
Res2_DNA_C6_1	5821.0	1522.0	727.0	538.0	794.0	927.0	1395.0	1722.0	2173.0	3032.0	3835.0	5237.0	7957.0	12654.0	19248.0	26679.0	35080.0	44390.0	56496.0	74799.0	105969.0	149736.0	216597.0	309474.0	429059.0	581493.0	765143.0	990318.0	1271040.0	1630515.0	2121064.0	2821336.0	3908741.0	5755626.0	9012144.0	8214238.0	1314203.0	3793623.0
	2.0	3.0	4.0	5.0	6.0	7.0	8.0	9.0	10.0	11.0	12.0	13.0	14.0	15.0	16.0	17.0	18.0	19.0	20.0	21.0	22.0	23.0	24.0	25.0	26.0	27.0	28.0	29.0	30.0	31.0	32.0	33.0	34.0	35.0	36.0	37.0	38.0	39.0
Res2_DNA_C6_2	104436.0	54731.0	35163.0	28997.0	27310.0	28088.0	30788.0	35050.0	41777.0	48711.0	58450.0	72548.0	97332.0	123737.0	148356.0	177163.0	217786.0	271469.0	341390.0	417058.0	497845.0	588182.0	683858.0	790323.0	913076.0	1053176.0	1212633.0	1405603.0	1637198.0	1935765.0	2332575.0	2870755.0	3651325.0	4847785.0	6736911.0	6447306.0	1871428.0	1859261.0
	2.0	3.0	4.0	5.0	6.0	7.0	8.0	9.0	10.0	11.0	12.0	13.0	14.0	15.0	16.0	17.0	18.0	19.0	20.0	21.0	22.0	23.0	24.0	25.0	26.0	27.0	28.0	29.0	30.0	31.0	32.0	33.0	34.0	35.0	36.0	37.0
Res2_DNA_D1_1	4754.0	1461.0	747.0	590.0	906.0	1272.0	1900.0	2276.0	3202.0	4009.0	5453.0	7319.0	10308.0	15123.0	21340.0	29042.0	39267.0	51906.0	67927.0	90863.0	123594.0	169685.0	236532.0	326485.0	443461.0	589554.0	773348.0	996396.0	1284123.0	1658741.0	2179126.0	2943952.0	4137190.0	6204946.0	9908467.0	8848822.0
	2.0	3.0	4.0	5.0	6.0	7.0	8.0	9.0	10.0	11.0	12.0	13.0	14.0	15.0	16.0	17.0	18.0	19.0	20.0	21.0	22.0	23.0	24.0	25.0	26.0	27.0	28.0	29.0	30.0	31.0	32.0	33.0	34.0	35.0	36.0	37.0
Res2_DNA_D1_2	98464.0	55112.0	35499.0	29214.0	26848.0	28231.0	32055.0	37685.0	44825.0	53750.0	66073.0	83010.0	105288.0	131377.0	161424.0	197871.0	238033.0	286872.0	341779.0	405037.0	479328.0	564186.0	661612.0	775056.0	900542.0	1050599.0	1223965.0	1440192.0	1697210.0	2027581.0	2472455.0	3070076.0	3935055.0	5217560.0	7116413.0	6093810.0
	2.0	3.0	4.0	5.0	6.0	7.0	8.0	9.0	10.0	11.0	12.0	13.0	14.0	15.0	16.0	17.0	18.0	19.0	20.0	21.0	22.0	23.0	24.0	25.0	26.0	27.0	28.0	29.0	30.0	31.0	32.0	33.0	34.0	35.0	36.0	37.0
Res2_DNA_D2_1	4963.0	1400.0	706.0	605.0	906.0	1256.0	1727.0	2220.0	2754.0	3898.0	5222.0	6961.0	10027.0	14661.0	20415.0	27895.0	38236.0	50472.0	66688.0	89473.0	121609.0	167969.0	234607.0	327303.0	447091.0	598966.0	791438.0	1029686.0	1336634.0	1742390.0	2305363.0	3139169.0	4475795.0	6844595.0	11329816.0	10531257.0
	2.0	3.0	4.0	5.0	6.0	7.0	8.0	9.0	10.0	11.0	12.0	13.0	14.0	15.0	16.0	17.0	18.0	19.0	20.0	21.0	22.0	23.0	24.0	25.0	26.0	27.0	28.0	29.0	30.0	31.0	32.0	33.0	34.0	35.0	36.0	37.0
Res2_DNA_D2_2	81200.0	44444.0	30085.0	25193.0	22599.0	24022.0	27578.0	32463.0	39138.0	46386.0	57843.0	72567.0	92227.0	115923.0	143796.0	175664.0	214334.0	258647.0	313791.0	375702.0	446923.0	532346.0	633590.0	748577.0	883027.0	1042680.0	1232252.0	1466242.0	1757916.0	2133375.0	2636645.0	3337338.0	4371464.0	5961958.0	8501096.0	7895142.0
	2.0	3.0	4.0	5.0	6.0	7.0	8.0	9.0	10.0	11.0	12.0	13.0	14.0	15.0	16.0	17.0	18.0	19.0	20.0	21.0	22.0	23.0	24.0	25.0	26.0	27.0	28.0	29.0	30.0	31.0	32.0	33.0	34.0	35.0	36.0	37.0	38.0	39.0
Res2_DNA_D3_1	4211.0	1167.0	656.0	625.0	928.0	1355.0	1865.0	2467.0	3110.0	4184.0	5567.0	7454.0	10493.0	15597.0	22171.0	30931.0	41828.0	55429.0	72459.0	96507.0	129929.0	179454.0	250654.0	348373.0	472723.0	634030.0	826530.0	1064498.0	1361364.0	1736660.0	2241344.0	2951356.0	4027503.0	5734190.0	8409996.0	6878996.0	2351538.0	6577910.0
	2.0	3.0	4.0	5.0	6.0	7.0	8.0	9.0	10.0	11.0	12.0	13.0	14.0	15.0	16.0	17.0	18.0	19.0	20.0	21.0	22.0	23.0	24.0	25.0	26.0	27.0	28.0	29.0	30.0	31.0	32.0	33.0	34.0	35.0	36.0	37.0	38.0	39.0
Res2_DNA_D3_2	114575.0	61678.0	42696.0	36830.0	35931.0	38554.0	42874.0	50656.0	59577.0	71876.0	87260.0	109259.0	136119.0	168556.0	203942.0	245866.0	294296.0	357756.0	438152.0	524094.0	611317.0	709172.0	813748.0	927157.0	1059971.0	1203649.0	1371610.0	1568590.0	1812099.0	2111950.0	2502204.0	3017702.0	3717678.0	4684173.0	5938673.0	5091145.0	3381813.0	2912854.0
	2.0	3.0	4.0	5.0	6.0	7.0	8.0	9.0	10.0	11.0	12.0	13.0	14.0	15.0	16.0	17.0	18.0	19.0	20.0	21.0	22.0	23.0	24.0	25.0	26.0	27.0	28.0	29.0	30.0	31.0	32.0	33.0	34.0	35.0	36.0	37.0	38.0	39.0
Res2_DNA_D4_1	4492.0	1238.0	703.0	756.0	1022.0	1460.0	2121.0	2750.0	3351.0	4510.0	6112.0	8065.0	11458.0	16519.0	23023.0	31859.0	42198.0	55254.0	72796.0	94861.0	129745.0	179192.0	253282.0	352632.0	483253.0	647503.0	848419.0	1096931.0	1401364.0	1798521.0	2325951.0	3075067.0	4188457.0	5979768.0	8785778.0	7337805.0	2731785.0	7816086.0
	2.0	3.0	4.0	5.0	6.0	7.0	8.0	9.0	10.0	11.0	12.0	13.0	14.0	15.0	16.0	17.0	18.0	19.0	20.0	21.0	22.0	23.0	24.0	25.0	26.0	27.0	28.0	29.0	30.0	31.0	32.0	33.0	34.0	35.0	36.0	37.0	38.0	39.0
Res2_DNA_D4_2	110322.0	56490.0	40470.0	35230.0	33557.0	36335.0	41520.0	47829.0	56148.0	66233.0	81668.0	100934.0	125959.0	156166.0	187064.0	224471.0	269731.0	329120.0	407993.0	491825.0	578358.0	669695.0	770377.0	885506.0	1012174.0	1158400.0	1330281.0	1528827.0	1781454.0	2090677.0	2498426.0	3050875.0	3834105.0	4994995.0	6756796.0	6647907.0	3968443.0	3359726.0
	2.0	3.0	4.0	5.0	6.0	7.0	8.0	9.0	10.0	11.0	12.0	13.0	14.0	15.0	16.0	17.0	18.0	19.0	20.0	21.0	22.0	23.0	24.0	25.0	26.0	27.0	28.0	29.0	30.0	31.0	32.0	33.0	34.0	35.0	36.0	37.0
Res2_DNA_D5_1	4109.0	1299.0	690.0	603.0	1042.0	1450.0	1960.0	2571.0	3391.0	4558.0	6012.0	8170.0	11637.0	16530.0	23506.0	31742.0	42424.0	56280.0	74169.0	97213.0	130904.0	177869.0	244859.0	336866.0	454585.0	604598.0	790535.0	1021164.0	1314193.0	1700532.0	2228652.0	2997333.0	4203654.0	6236233.0	9691043.0	7971923.0
	2.0	3.0	4.0	5.0	6.0	7.0	8.0	9.0	10.0	11.0	12.0	13.0	14.0	15.0	16.0	17.0	18.0	19.0	20.0	21.0	22.0	23.0	24.0	25.0	26.0	27.0	28.0	29.0	30.0	31.0	32.0	33.0	34.0	35.0	36.0	37.0
Res2_DNA_D5_2	93363.0	49555.0	33737.0	27668.0	26330.0	27981.0	32051.0	37809.0	45576.0	54964.0	68105.0	86066.0	109402.0	135799.0	167196.0	204061.0	244545.0	294140.0	348725.0	412813.0	486657.0	573944.0	671143.0	786168.0	918220.0	1071075.0	1252772.0	1471853.0	1737913.0	2077915.0	2517356.0	3122062.0	3954604.0	5145299.0	6781996.0	5425436.0
	2.0	3.0	4.0	5.0	6.0	7.0	8.0	9.0	10.0	11.0	12.0	13.0	14.0	15.0	16.0	17.0	18.0	19.0	20.0	21.0	22.0	23.0	24.0	25.0	26.0	27.0	28.0	29.0	30.0	31.0	32.0	33.0	34.0	35.0	36.0	37.0	38.0	39.0
Res2_DNA_D6_1	4642.0	1240.0	727.0	666.0	1046.0	1552.0	1996.0	2540.0	3297.0	4497.0	5832.0	8282.0	11759.0	17440.0	24370.0	33649.0	44416.0	57988.0	73485.0	95137.0	127077.0	171395.0	237017.0	328091.0	446408.0	593966.0	779600.0	1005755.0	1292311.0	1662929.0	2168407.0	2885733.0	4001223.0	5901773.0	9258764.0	8812998.0	706013.0	2307870.0
	2.0	3.0	4.0	5.0	6.0	7.0	8.0	9.0	10.0	11.0	12.0	13.0	14.0	15.0	16.0	17.0	18.0	19.0	20.0	21.0	22.0	23.0	24.0	25.0	26.0	27.0	28.0	29.0	30.0	31.0	32.0	33.0	34.0	35.0	36.0	37.0	38.0	39.0
Res2_DNA_D6_2	85958.0	52348.0	37119.0	31374.0	29961.0	31951.0	36774.0	43797.0	51536.0	62701.0	77896.0	97308.0	123918.0	154708.0	187547.0	223175.0	265437.0	312854.0	373175.0	437037.0	513028.0	595906.0	691483.0	801116.0	926594.0	1069076.0	1238217.0	1441165.0	1685393.0	1995084.0	2401173.0	2949339.0	3739285.0	4896975.0	6701709.0	6359537.0	1115200.0	1245037.0
	2.0	3.0	4.0	5.0	6.0	7.0	8.0	9.0	10.0	11.0	12.0	13.0	14.0	15.0	16.0	17.0	18.0	19.0	20.0	21.0	22.0	23.0	24.0	25.0	26.0	27.0	28.0	29.0	30.0	31.0	32.0	33.0	34.0	35.0	36.0	37.0
Res2_DNA_E1_1	2360.0	1108.0	573.0	568.0	824.0	1143.0	1605.0	2167.0	2659.0	3466.0	4656.0	6645.0	9126.0	12968.0	18449.0	25405.0	34820.0	47892.0	63963.0	87960.0	120892.0	168617.0	237349.0	330229.0	449451.0	599520.0	789066.0	1025581.0	1333631.0	1738249.0	2309881.0	3174988.0	4577258.0	7142274.0	12047248.0	10173983.0
	2.0	3.0	4.0	5.0	6.0	7.0	8.0	9.0	10.0	11.0	12.0	13.0	14.0	15.0	16.0	17.0	18.0	19.0	20.0	21.0	22.0	23.0	24.0	25.0	26.0	27.0	28.0	29.0	30.0	31.0	32.0	33.0	34.0	35.0	36.0	37.0
Res2_DNA_E1_2	65483.0	36116.0	25563.0	21845.0	19224.0	19947.0	23483.0	27499.0	33235.0	40126.0	49407.0	61292.0	77709.0	98065.0	122925.0	154484.0	192619.0	236982.0	288591.0	350719.0	424614.0	508871.0	603338.0	717909.0	851972.0	1009825.0	1197000.0	1429986.0	1718938.0	2097113.0	2610348.0	3343745.0	4438754.0	6180699.0	9050331.0	8417817.0
	2.0	3.0	4.0	5.0	6.0	7.0	8.0	9.0	10.0	11.0	12.0	13.0	14.0	15.0	16.0	17.0	18.0	19.0	20.0	21.0	22.0	23.0	24.0	25.0	26.0	27.0	28.0	29.0	30.0	31.0	32.0	33.0	34.0	35.0	36.0	37.0	38.0	39.0
Res2_DNA_E2_1	2163.0	893.0	652.0	847.0	1335.0	2033.0	2775.0	3475.0	4662.0	5989.0	7829.0	10703.0	15316.0	20802.0	29475.0	39870.0	53877.0	70539.0	92165.0	121696.0	162014.0	218003.0	295488.0	400201.0	536635.0	707810.0	913904.0	1168400.0	1484988.0	1901764.0	2458206.0	3242964.0	4408595.0	6191668.0	8636026.0	5995385.0	1813384.0	4888643.0
	2.0	3.0	4.0	5.0	6.0	7.0	8.0	9.0	10.0	11.0	12.0	13.0	14.0	15.0	16.0	17.0	18.0	19.0	20.0	21.0	22.0	23.0	24.0	25.0	26.0	27.0	28.0	29.0	30.0	31.0	32.0	33.0	34.0	35.0	36.0	37.0	38.0	39.0
Res2_DNA_E2_2	104598.0	61178.0	45828.0	40287.0	39131.0	42811.0	48283.0	55872.0	67868.0	81818.0	100669.0	125283.0	154369.0	189527.0	230952.0	276856.0	330711.0	395653.0	477222.0	560620.0	652503.0	750262.0	856944.0	975039.0	1108105.0	1257916.0	1431665.0	1635932.0	1883011.0	2192581.0	2584082.0	3103254.0	3788427.0	4702804.0	5869843.0	4962839.0	2443083.0	2283348.0
	2.0	3.0	4.0	5.0	6.0	7.0	8.0	9.0	10.0	11.0	12.0	13.0	14.0	15.0	16.0	17.0	18.0	19.0	20.0	21.0	22.0	23.0	24.0	25.0	26.0	27.0	28.0	29.0	30.0	31.0	32.0	33.0	34.0	35.0	36.0	37.0
Res2_DNA_E3_1	2291.0	1161.0	701.0	751.0	1217.0	1812.0	2493.0	3509.0	4275.0	5558.0	7685.0	10538.0	14680.0	20637.0	29091.0	39336.0	52525.0	69079.0	90951.0	118622.0	158276.0	212207.0	287158.0	392181.0	524319.0	689432.0	897455.0	1155999.0	1484663.0	1929081.0	2537858.0	3437714.0	4841454.0	7173588.0	10675369.0	7249249.0
	2.0	3.0	4.0	5.0	6.0	7.0	8.0	9.0	10.0	11.0	12.0	13.0	14.0	15.0	16.0	17.0	18.0	19.0	20.0	21.0	22.0	23.0	24.0	25.0	26.0	27.0	28.0	29.0	30.0	31.0	32.0	33.0	34.0	35.0	36.0	37.0
Res2_DNA_E3_2	86434.0	50448.0	33172.0	27357.0	25510.0	26709.0	30383.0	36158.0	43671.0	53078.0	66725.0	84165.0	105245.0	132401.0	163491.0	197931.0	239036.0	286267.0	340716.0	405412.0	478177.0	567062.0	670871.0	787244.0	930043.0	1094932.0	1288947.0	1523941.0	1822220.0	2198973.0	2701305.0	3392009.0	4368695.0	5776617.0	7750149.0	6337421.0
	2.0	3.0	4.0	5.0	6.0	7.0	8.0	9.0	10.0	11.0	12.0	13.0	14.0	15.0	16.0	17.0	18.0	19.0	20.0	21.0	22.0	23.0	24.0	25.0	26.0	27.0	28.0	29.0	30.0	31.0	32.0	33.0	34.0	35.0	36.0	37.0
Res2_DNA_E4_1	2154.0	1041.0	571.0	707.0	1128.0	1712.0	2225.0	2946.0	3922.0	4922.0	6740.0	9431.0	12960.0	18956.0	26482.0	36767.0	49937.0	66624.0	88394.0	117277.0	158167.0	215077.0	293378.0	396821.0	528720.0	696368.0	902449.0	1157542.0	1483749.0	1913955.0	2511159.0	3374800.0	4689713.0	6786650.0	9773777.0	6340991.0
	2.0	3.0	4.0	5.0	6.0	7.0	8.0	9.0	10.0	11.0	12.0	13.0	14.0	15.0	16.0	17.0	18.0	19.0	20.0	21.0	22.0	23.0	24.0	25.0	26.0	27.0	28.0	29.0	30.0	31.0	32.0	33.0	34.0	35.0	36.0	37.0
Res2_DNA_E4_2	67122.0	41158.0	28568.0	24748.0	23245.0	24818.0	28892.0	33887.0	41764.0	51199.0	63627.0	80178.0	102446.0	128742.0	160759.0	198573.0	242582.0	294444.0	352253.0	419070.0	497617.0	586158.0	688979.0	806382.0	941579.0	1098119.0	1286903.0	1512065.0	1787541.0	2139899.0	2599172.0	3221071.0	4088904.0	5323357.0	7005327.0	5687064.0
	2.0	3.0	4.0	5.0	6.0	7.0	8.0	9.0	10.0	11.0	12.0	13.0	14.0	15.0	16.0	17.0	18.0	19.0	20.0	21.0	22.0	23.0	24.0	25.0	26.0	27.0	28.0	29.0	30.0	31.0	32.0	33.0	34.0	35.0	36.0	37.0	38.0	39.0
Res2_DNA_E5_1	2319.0	997.0	618.0	744.0	1176.0	1634.0	2055.0	2837.0	3632.0	4866.0	6417.0	8639.0	12306.0	17388.0	24320.0	33679.0	45644.0	60353.0	79846.0	106089.0	143890.0	196538.0	269403.0	370341.0	498488.0	659419.0	862269.0	1109448.0	1428591.0	1848516.0	2431700.0	3285571.0	4608205.0	6789549.0	10192757.0	7326215.0	854784.0	2773213.0
	2.0	3.0	4.0	5.0	6.0	7.0	8.0	9.0	10.0	11.0	12.0	13.0	14.0	15.0	16.0	17.0	18.0	19.0	20.0	21.0	22.0	23.0	24.0	25.0	26.0	27.0	28.0	29.0	30.0	31.0	32.0	33.0	34.0	35.0	36.0	37.0	38.0	39.0
Res2_DNA_E5_2	78746.0	44929.0	32167.0	27725.0	26131.0	27200.0	31205.0	36512.0	43994.0	52613.0	65236.0	80816.0	100479.0	126572.0	155631.0	191454.0	230735.0	281316.0	342959.0	409363.0	484717.0	571166.0	669624.0	782683.0	910818.0	1063496.0	1244675.0	1455684.0	1728803.0	2074407.0	2527426.0	3163195.0	4080375.0	5457198.0	7577832.0	7058557.0	1273888.0	1554129.0
	2.0	3.0	4.0	5.0	6.0	7.0	8.0	9.0	10.0	11.0	12.0	13.0	14.0	15.0	16.0	17.0	18.0	19.0	20.0	21.0	22.0	23.0	24.0	25.0	26.0	27.0	28.0	29.0	30.0	31.0	32.0	33.0	34.0	35.0	36.0	37.0
Res2_DNA_E6_1	2226.0	1099.0	807.0	932.0	1539.0	2170.0	3019.0	4076.0	5229.0	6628.0	9429.0	12875.0	17667.0	24690.0	34448.0	46497.0	61601.0	79872.0	103561.0	133408.0	174894.0	231490.0	307956.0	413148.0	545839.0	711422.0	919174.0	1176793.0	1504706.0	1946125.0	2544072.0	3425355.0	4770778.0	6926645.0	10026693.0	6599618.0
	2.0	3.0	4.0	5.0	6.0	7.0	8.0	9.0	10.0	11.0	12.0	13.0	14.0	15.0	16.0	17.0	18.0	19.0	20.0	21.0	22.0	23.0	24.0	25.0	26.0	27.0	28.0	29.0	30.0	31.0	32.0	33.0	34.0	35.0	36.0	37.0
Res2_DNA_E6_2	68621.0	45458.0	33999.0	29418.0	28032.0	30395.0	34867.0	42116.0	50902.0	62746.0	78670.0	98615.0	123945.0	153763.0	188493.0	227273.0	271527.0	318786.0	375411.0	440091.0	517109.0	602270.0	705688.0	822531.0	963122.0	1126110.0	1315653.0	1550760.0	1837622.0	2193694.0	2677611.0	3317423.0	4212625.0	5468917.0	7128068.0	5634150.0
	2.0	3.0	4.0	5.0	6.0	7.0	8.0	9.0	10.0	11.0	12.0	13.0	14.0	15.0	16.0	17.0	18.0	19.0	20.0	21.0	22.0	23.0	24.0	25.0	26.0	27.0	28.0	29.0	30.0	31.0	32.0	33.0	34.0	35.0	36.0	37.0	38.0	39.0
Res2_DNA_F1_1	2334.0	1096.0	713.0	878.0	1487.0	2179.0	2886.0	3640.0	4688.0	6073.0	8267.0	11292.0	15806.0	21651.0	30670.0	41109.0	54495.0	70729.0	91808.0	118718.0	156724.0	211377.0	285955.0	385124.0	515150.0	675159.0	870513.0	1117225.0	1426759.0	1835251.0	2394893.0	3209580.0	4470546.0	6517886.0	9664413.0	7020125.0	527031.0	1710530.0
	2.0	3.0	4.0	5.0	6.0	7.0	8.0	9.0	10.0	11.0	12.0	13.0	14.0	15.0	16.0	17.0	18.0	19.0	20.0	21.0	22.0	23.0	24.0	25.0	26.0	27.0	28.0	29.0	30.0	31.0	32.0	33.0	34.0	35.0	36.0	37.0	38.0	39.0
Res2_DNA_F1_2	97950.0	57160.0	39491.0	33401.0	31095.0	33499.0	38384.0	44587.0	53067.0	65164.0	80511.0	100445.0	124097.0	154093.0	188509.0	226662.0	269466.0	318843.0	376574.0	442300.0	519450.0	601949.0	702221.0	815129.0	947044.0	1098020.0	1275468.0	1488913.0	1751972.0	2089899.0	2532429.0	3124721.0	3954704.0	5149748.0	6897206.0	6001542.0	807208.0	951839.0
	2.0	3.0	4.0	5.0	6.0	7.0	8.0	9.0	10.0	11.0	12.0	13.0	14.0	15.0	16.0	17.0	18.0	19.0	20.0	21.0	22.0	23.0	24.0	25.0	26.0	27.0	28.0	29.0	30.0	31.0	32.0	33.0	34.0	35.0	36.0	37.0	38.0	39.0
Res2_DNA_F2_1	2246.0	1056.0	804.0	877.0	1403.0	2098.0	2969.0	3764.0	4610.0	6182.0	8015.0	11502.0	15296.0	22064.0	29978.0	39982.0	53542.0	69288.0	90251.0	117799.0	156152.0	209563.0	284535.0	385600.0	518018.0	679374.0	882733.0	1134822.0	1453010.0	1874475.0	2452454.0	3280256.0	4550819.0	6577851.0	9604008.0	6853688.0	1062867.0	3282183.0
	2.0	3.0	4.0	5.0	6.0	7.0	8.0	9.0	10.0	11.0	12.0	13.0	14.0	15.0	16.0	17.0	18.0	19.0	20.0	21.0	22.0	23.0	24.0	25.0	26.0	27.0	28.0	29.0	30.0	31.0	32.0	33.0	34.0	35.0	36.0	37.0	38.0	39.0
Res2_DNA_F2_2	95238.0	52697.0	38345.0	33095.0	31020.0	33070.0	37632.0	44079.0	52601.0	64442.0	79357.0	98234.0	121348.0	150132.0	182697.0	220410.0	263799.0	314455.0	376859.0	446063.0	519794.0	608573.0	706569.0	819003.0	949818.0	1102504.0	1280157.0	1495567.0	1766151.0	2106466.0	2553612.0	3169874.0	4027715.0	5275095.0	7049402.0	6146274.0	1533055.0	1880932.0
	2.0	3.0	4.0	5.0	6.0	7.0	8.0	9.0	10.0	11.0	12.0	13.0	14.0	15.0	16.0	17.0	18.0	19.0	20.0	21.0	22.0	23.0	24.0	25.0	26.0	27.0	28.0	29.0	30.0	31.0	32.0	33.0	34.0	35.0	36.0	37.0	38.0	39.0
Res2_DNA_F3_1	3136.0	980.0	594.0	472.0	599.0	794.0	1184.0	1562.0	1878.0	2483.0	3256.0	4473.0	6353.0	8797.0	12873.0	17838.0	24535.0	34240.0	47144.0	66780.0	95866.0	141606.0	210273.0	303324.0	429914.0	588316.0	785435.0	1032714.0	1345128.0	1762913.0	2332998.0	3201703.0	4627700.0	7295021.0	12784500.0	11977238.0	1240854.0	4385227.0
	2.0	3.0	4.0	5.0	6.0	7.0	8.0	9.0	10.0	11.0	12.0	13.0	14.0	15.0	16.0	17.0	18.0	19.0	20.0	21.0	22.0	23.0	24.0	25.0	26.0	27.0	28.0	29.0	30.0	31.0	32.0	33.0	34.0	35.0	36.0	37.0	38.0	39.0
Res2_DNA_F3_2	90816.0	44536.0	27819.0	22896.0	20043.0	20876.0	23059.0	27028.0	31709.0	37244.0	45587.0	56550.0	69691.0	87359.0	111923.0	139296.0	175650.0	224259.0	285389.0	353520.0	433796.0	519850.0	621057.0	738360.0	874288.0	1035226.0	1227263.0	1460802.0	1756837.0	2149222.0	2681997.0	3453704.0	4646371.0	6639243.0	10121347.0	9966050.0	2094258.0	2465780.0
	2.0	3.0	4.0	5.0	6.0	7.0	8.0	9.0	10.0	11.0	12.0	13.0	14.0	15.0	16.0	17.0	18.0	19.0	20.0	21.0	22.0	23.0	24.0	25.0	26.0	27.0	28.0	29.0	30.0	31.0	32.0	33.0	34.0	35.0	36.0	37.0	38.0	39.0
Res2_DNA_F4_1	2240.0	1036.0	749.0	893.0	1497.0	2063.0	2831.0	3886.0	4940.0	6480.0	8299.0	11577.0	15937.0	22765.0	31073.0	42392.0	56111.0	73834.0	95909.0	125877.0	167311.0	225348.0	305149.0	410454.0	547025.0	719058.0	928426.0	1191695.0	1524299.0	1960872.0	2559974.0	3428563.0	4748535.0	6848926.0	9825234.0	6417602.0	788704.0	2505825.0
	2.0	3.0	4.0	5.0	6.0	7.0	8.0	9.0	10.0	11.0	12.0	13.0	14.0	15.0	16.0	17.0	18.0	19.0	20.0	21.0	22.0	23.0	24.0	25.0	26.0	27.0	28.0	29.0	30.0	31.0	32.0	33.0	34.0	35.0	36.0	37.0	38.0	39.0
Res2_DNA_F4_2	96327.0	54679.0	38327.0	32532.0	31234.0	32737.0	37699.0	44229.0	53768.0	64721.0	80369.0	100098.0	124380.0	154757.0	189640.0	229182.0	276041.0	331777.0	396125.0	468207.0	552564.0	640523.0	748846.0	870395.0	1008298.0	1171449.0	1355993.0	1586442.0	1862848.0	2213801.0	2674116.0	3299602.0	4161909.0	5371407.0	6990957.0	5738086.0	1186828.0	1342496.0
	2.0	3.0	4.0	5.0	6.0	7.0	8.0	9.0	10.0	11.0	12.0	13.0	14.0	15.0	16.0	17.0	18.0	19.0	20.0	21.0	22.0	23.0	24.0	25.0	26.0	27.0	28.0	29.0	30.0	31.0	32.0	33.0	34.0	35.0	36.0	37.0	38.0	39.0
Res2_DNA_F5_1	2630.0	927.0	754.0	999.0	1462.0	2126.0	2898.0	4041.0	4963.0	6237.0	8159.0	11239.0	15373.0	21540.0	29701.0	40389.0	53267.0	70607.0	92917.0	122627.0	163077.0	220788.0	302742.0	414932.0	557654.0	737536.0	957261.0	1224320.0	1558883.0	1989003.0	2559755.0	3357645.0	4532242.0	6286171.0	8630095.0	6119269.0	2975727.0	7591464.0
	2.0	3.0	4.0	5.0	6.0	7.0	8.0	9.0	10.0	11.0	12.0	13.0	14.0	15.0	16.0	17.0	18.0	19.0	20.0	21.0	22.0	23.0	24.0	25.0	26.0	27.0	28.0	29.0	30.0	31.0	32.0	33.0	34.0	35.0	36.0	37.0	38.0	39.0
Res2_DNA_F5_2	140605.0	69053.0	49149.0	42572.0	41322.0	44081.0	49924.0	58042.0	68328.0	80524.0	98504.0	120330.0	149434.0	181033.0	222165.0	265435.0	318671.0	388288.0	480126.0	573168.0	670071.0	771763.0	883743.0	1004732.0	1142519.0	1300452.0	1481930.0	1692728.0	1948250.0	2277383.0	2690525.0	3236578.0	3965789.0	4953990.0	6220585.0	5575735.0	3905679.0	3508214.0
	2.0	3.0	4.0	5.0	6.0	7.0	8.0	9.0	10.0	11.0	12.0	13.0	14.0	15.0	16.0	17.0	18.0	19.0	20.0	21.0	22.0	23.0	24.0	25.0	26.0	27.0	28.0	29.0	30.0	31.0	32.0	33.0	34.0	35.0	36.0	37.0	38.0	39.0
Res2_DNA_F6_1	2370.0	860.0	659.0	815.0	1346.0	1987.0	2586.0	3559.0	4497.0	5861.0	7872.0	10947.0	14882.0	20891.0	29460.0	40281.0	53168.0	69852.0	92887.0	121132.0	161175.0	214625.0	293204.0	394525.0	532275.0	701470.0	910639.0	1167049.0	1485261.0	1895950.0	2448724.0	3235937.0	4405665.0	6228489.0	8811123.0	6380550.0	2299284.0	6431427.0
	2.0	3.0	4.0	5.0	6.0	7.0	8.0	9.0	10.0	11.0	12.0	13.0	14.0	15.0	16.0	17.0	18.0	19.0	20.0	21.0	22.0	23.0	24.0	25.0	26.0	27.0	28.0	29.0	30.0	31.0	32.0	33.0	34.0	35.0	36.0	37.0	38.0	39.0
Res2_DNA_F6_2	98202.0	60928.0	46104.0	40418.0	39592.0	43474.0	49165.0	57769.0	68885.0	83172.0	102333.0	127832.0	157188.0	195866.0	236552.0	285597.0	340355.0	404490.0	486906.0	572930.0	663027.0	762168.0	873385.0	991590.0	1126475.0	1280985.0	1460426.0	1667700.0	1917778.0	2233931.0	2637106.0	3165416.0	3877278.0	4804403.0	5955092.0	5048686.0	3217835.0	3302245.0
	2.0	3.0	4.0	5.0	6.0	7.0	8.0	9.0	10.0	11.0	12.0	13.0	14.0	15.0	16.0	17.0	18.0	19.0	20.0	21.0	22.0	23.0	24.0	25.0	26.0	27.0	28.0	29.0	30.0	31.0	32.0	33.0	34.0	35.0	36.0	37.0
Res2_DNA_G1_1	21524.0	4673.0	1534.0	980.0	972.0	1167.0	1602.0	1932.0	2422.0	3201.0	4318.0	5643.0	7887.0	10610.0	15472.0	21514.0	29609.0	40001.0	54121.0	73970.0	102418.0	143732.0	203943.0	284860.0	392623.0	527010.0	698799.0	913736.0	1189350.0	1563132.0	2083849.0	2883407.0	4214032.0	6754409.0	12150259.0	10882191.0
	2.0	3.0	4.0	5.0	6.0	7.0	8.0	9.0	10.0	11.0	12.0	13.0	14.0	15.0	16.0	17.0	18.0	19.0	20.0	21.0	22.0	23.0	24.0	25.0	26.0	27.0	28.0	29.0	30.0	31.0	32.0	33.0	34.0	35.0	36.0	37.0
Res2_DNA_G1_2	73499.0	39971.0	27920.0	23629.0	21847.0	22711.0	25733.0	30838.0	36752.0	44465.0	53720.0	67434.0	83787.0	106112.0	132698.0	164521.0	204166.0	249548.0	305581.0	366156.0	437810.0	520317.0	616235.0	726323.0	849720.0	1000175.0	1176634.0	1392058.0	1660306.0	2014838.0	2493909.0	3181123.0	4215304.0	5887108.0	8736702.0	8301252.0
	2.0	3.0	4.0	5.0	6.0	7.0	8.0	9.0	10.0	11.0	12.0	13.0	14.0	15.0	16.0	17.0	18.0	19.0	20.0	21.0	22.0	23.0	24.0	25.0	26.0	27.0	28.0	29.0	30.0	31.0	32.0	33.0	34.0	35.0	36.0	37.0	38.0	39.0
Res2_DNA_G2_1	22884.0	4535.0	1587.0	897.0	822.0	935.0	1246.0	1598.0	1947.0	2568.0	3363.0	4517.0	6243.0	8808.0	12630.0	17866.0	24800.0	34212.0	48279.0	67286.0	95529.0	137901.0	199539.0	283104.0	392006.0	530156.0	703591.0	919062.0	1190049.0	1546467.0	2045933.0	2784401.0	4001095.0	6241266.0	10761469.0	9225730.0	1020400.0	3165784.0
	2.0	3.0	4.0	5.0	6.0	7.0	8.0	9.0	10.0	11.0	12.0	13.0	14.0	15.0	16.0	17.0	18.0	19.0	20.0	21.0	22.0	23.0	24.0	25.0	26.0	27.0	28.0	29.0	30.0	31.0	32.0	33.0	34.0	35.0	36.0	37.0	38.0	39.0
Res2_DNA_G2_2	85780.0	45144.0	32259.0	27249.0	25281.0	26896.0	30556.0	35819.0	42351.0	51155.0	62782.0	78423.0	98553.0	125241.0	158438.0	197395.0	245854.0	306773.0	382553.0	461749.0	551084.0	644298.0	746495.0	858592.0	986825.0	1130611.0	1298964.0	1499337.0	1745656.0	2066560.0	2485612.0	3077656.0	3932531.0	5234062.0	7193146.0	6262766.0	1493822.0	1782237.0
	2.0	3.0	4.0	5.0	6.0	7.0	8.0	9.0	10.0	11.0	12.0	13.0	14.0	15.0	16.0	17.0	18.0	19.0	20.0	21.0	22.0	23.0	24.0	25.0	26.0	27.0	28.0	29.0	30.0	31.0	32.0	33.0	34.0	35.0	36.0	37.0	38.0	39.0
Res2_DNA_G3_1	26355.0	5243.0	1732.0	1013.0	942.0	1153.0	1519.0	1889.0	2428.0	2946.0	4129.0	5190.0	7404.0	10775.0	14696.0	20828.0	28881.0	39529.0	53872.0	75407.0	104727.0	147110.0	210442.0	298606.0	408741.0	551684.0	731158.0	949770.0	1231833.0	1601348.0	2116965.0	2876415.0	4111708.0	6359093.0	10517626.0	8110032.0	1089554.0	3358517.0
	2.0	3.0	4.0	5.0	6.0	7.0	8.0	9.0	10.0	11.0	12.0	13.0	14.0	15.0	16.0	17.0	18.0	19.0	20.0	21.0	22.0	23.0	24.0	25.0	26.0	27.0	28.0	29.0	30.0	31.0	32.0	33.0	34.0	35.0	36.0	37.0	38.0	39.0
Res2_DNA_G3_2	93503.0	48542.0	31673.0	26356.0	24038.0	25390.0	29020.0	33026.0	39035.0	47197.0	57649.0	72461.0	90173.0	115691.0	144117.0	180229.0	225352.0	280325.0	344731.0	421258.0	501642.0	592453.0	692621.0	801900.0	930311.0	1078201.0	1246431.0	1450667.0	1703893.0	2029087.0	2464030.0	3069339.0	3949878.0	5262924.0	7214709.0	6181598.0	1587846.0	1993964.0
	2.0	3.0	4.0	5.0	6.0	7.0	8.0	9.0	10.0	11.0	12.0	13.0	14.0	15.0	16.0	17.0	18.0	19.0	20.0	21.0	22.0	23.0	24.0	25.0	26.0	27.0	28.0	29.0	30.0	31.0	32.0	33.0	34.0	35.0	36.0	37.0
Res2_DNA_G4_1	24636.0	5218.0	1614.0	948.0	796.0	832.0	1162.0	1530.0	1738.0	2234.0	2885.0	3840.0	5305.0	7391.0	10377.0	14821.0	21200.0	30569.0	43668.0	62199.0	89949.0	132089.0	191474.0	272953.0	378648.0	515246.0	682320.0	890793.0	1160311.0	1518075.0	2019485.0	2779409.0	4046942.0	6456238.0	11511269.0	10243384.0
	2.0	3.0	4.0	5.0	6.0	7.0	8.0	9.0	10.0	11.0	12.0	13.0	14.0	15.0	16.0	17.0	18.0	19.0	20.0	21.0	22.0	23.0	24.0	25.0	26.0	27.0	28.0	29.0	30.0	31.0	32.0	33.0	34.0	35.0	36.0	37.0
Res2_DNA_G4_2	68903.0	35406.0	23584.0	19817.0	17416.0	18191.0	21078.0	25071.0	29618.0	35572.0	42869.0	54481.0	68737.0	88199.0	113837.0	145482.0	185109.0	233741.0	290784.0	358524.0	432999.0	517172.0	617089.0	725060.0	848780.0	992425.0	1163613.0	1370434.0	1626641.0	1963590.0	2415744.0	3052081.0	4016188.0	5555102.0	8159652.0	7798559.0
	2.0	3.0	4.0	5.0	6.0	7.0	8.0	9.0	10.0	11.0	12.0	13.0	14.0	15.0	16.0	17.0	18.0	19.0	20.0	21.0	22.0	23.0	24.0	25.0	26.0	27.0	28.0	29.0	30.0	31.0	32.0	33.0	34.0	35.0	36.0	37.0	38.0	39.0
Res2_DNA_G5_1	25536.0	5051.0	1584.0	996.0	1067.0	1243.0	1652.0	2190.0	2664.0	3242.0	4573.0	6127.0	8569.0	12044.0	16937.0	23960.0	33868.0	47602.0	66981.0	95182.0	134173.0	192674.0	274243.0	386914.0	533349.0	715200.0	939038.0	1219042.0	1571745.0	2036248.0	2678569.0	3643811.0	5205712.0	7974305.0	12775996.0	9097175.0	1145946.0	3567455.0
	2.0	3.0	4.0	5.0	6.0	7.0	8.0	9.0	10.0	11.0	12.0	13.0	14.0	15.0	16.0	17.0	18.0	19.0	20.0	21.0	22.0	23.0	24.0	25.0	26.0	27.0	28.0	29.0	30.0	31.0	32.0	33.0	34.0	35.0	36.0	37.0	38.0	39.0
Res2_DNA_G5_2	79592.0	46279.0	34685.0	29992.0	28078.0	30052.0	35360.0	41948.0	50501.0	59965.0	74118.0	91709.0	117414.0	148973.0	190554.0	241284.0	301856.0	380620.0	472111.0	575781.0	686270.0	806983.0	936600.0	1083613.0	1244452.0	1433594.0	1646399.0	1904335.0	2218188.0	2615086.0	3141551.0	3865890.0	4888160.0	6357523.0	8325964.0	6628056.0	1679064.0	1960063.0
	2.0	3.0	4.0	5.0	6.0	7.0	8.0	9.0	10.0	11.0	12.0	13.0	14.0	15.0	16.0	17.0	18.0	19.0	20.0	21.0	22.0	23.0	24.0	25.0	26.0	27.0	28.0	29.0	30.0	31.0	32.0	33.0	34.0	35.0	36.0	37.0
Res2_DNA_G6_1	25355.0	4919.0	1647.0	930.0	827.0	936.0	1242.0	1656.0	1917.0	2567.0	3276.0	4386.0	6063.0	8530.0	12683.0	17705.0	25460.0	35496.0	50297.0	71691.0	102394.0	148153.0	213993.0	304261.0	418657.0	566312.0	747235.0	973842.0	1259265.0	1642375.0	2176205.0	2984179.0	4318070.0	6809274.0	11772434.0	9570576.0
	2.0	3.0	4.0	5.0	6.0	7.0	8.0	9.0	10.0	11.0	12.0	13.0	14.0	15.0	16.0	17.0	18.0	19.0	20.0	21.0	22.0	23.0	24.0	25.0	26.0	27.0	28.0	29.0	30.0	31.0	32.0	33.0	34.0	35.0	36.0	37.0
Res2_DNA_G6_2	72459.0	40678.0	27461.0	22942.0	21087.0	22807.0	25824.0	30226.0	36167.0	43672.0	53034.0	66303.0	84503.0	109149.0	139673.0	177733.0	224871.0	282436.0	351133.0	428440.0	515587.0	611061.0	719606.0	840237.0	977841.0	1128471.0	1315123.0	1534273.0	1802843.0	2151459.0	2617530.0	3269219.0	4235628.0	5704069.0	7925646.0	6675617.0
	2.0	3.0	4.0	5.0	6.0	7.0	8.0	9.0	10.0	11.0	12.0	13.0	14.0	15.0	16.0	17.0	18.0	19.0	20.0	21.0	22.0	23.0	24.0	25.0	26.0	27.0	28.0	29.0	30.0	31.0	32.0	33.0	34.0	35.0	36.0	37.0
Res2_DNA_H1_1	33732.0	6744.0	2280.0	1472.0	1572.0	2000.0	2688.0	3612.0	4452.0	5556.0	7676.0	10038.0	13688.0	19072.0	26248.0	36682.0	49432.0	66546.0	89976.0	121748.0	170634.0	238322.0	334290.0	465004.0	637780.0	854616.0	1129024.0	1469106.0	1903766.0	2485136.0	3297656.0	4523650.0	6558840.0	10355228.0	17982558.0	15581670.0
	2.0	3.0	4.0	5.0	6.0	7.0	8.0	9.0	10.0	11.0	12.0	13.0	14.0	15.0	16.0	17.0	18.0	19.0	20.0	21.0	22.0	23.0	24.0	25.0	26.0	27.0	28.0	29.0	30.0	31.0	32.0	33.0	34.0	35.0	36.0	37.0
Res2_DNA_H1_2	146494.0	84482.0	60034.0	50334.0	45862.0	48866.0	56248.0	66638.0	78740.0	95836.0	117232.0	146226.0	182862.0	227910.0	284992.0	352732.0	431482.0	525944.0	634688.0	752212.0	887196.0	1035732.0	1200778.0	1387604.0	1593780.0	1841932.0	2124394.0	2462962.0	2885612.0	3430264.0	4151498.0	5159538.0	6601830.0	8728996.0	11685366.0	8925198.0
	2.0	3.0	4.0	5.0	6.0	7.0	8.0	9.0	10.0	11.0	12.0	13.0	14.0	15.0	16.0	17.0	18.0	19.0	20.0	21.0	22.0	23.0	24.0	25.0	26.0	27.0	28.0	29.0	30.0	31.0	32.0	33.0	34.0	35.0	36.0	37.0	38.0	39.0
Res2_DNA_H2_1	19706.0	3510.0	1457.0	1159.0	1339.0	1545.0	2340.0	2957.0	3628.0	4552.0	5965.0	7916.0	11305.0	15618.0	21543.0	29996.0	40536.0	54261.0	73358.0	99157.0	133537.0	186174.0	264290.0	376555.0	527137.0	719907.0	955798.0	1242181.0	1590729.0	2029089.0	2604644.0	3409735.0	4639777.0	6651244.0	9953058.0	8767512.0	8036876.0	21389070.0
	2.0	3.0	4.0	5.0	6.0	7.0	8.0	9.0	10.0	11.0	12.0	13.0	14.0	15.0	16.0	17.0	18.0	19.0	20.0	21.0	22.0	23.0	24.0	25.0	26.0	27.0	28.0	29.0	30.0	31.0	32.0	33.0	34.0	35.0	36.0	37.0	38.0	39.0
Res2_DNA_H2_2	146096.0	67933.0	55313.0	50069.0	49836.0	52742.0	59830.0	68575.0	78945.0	93085.0	111182.0	135760.0	164394.0	201222.0	242704.0	291847.0	349626.0	440482.0	571260.0	694116.0	812156.0	929436.0	1050498.0	1180741.0	1319419.0	1479021.0	1663130.0	1879344.0	2151516.0	2486902.0	2933592.0	3544368.0	4408734.0	5698289.0	7728566.0	8764480.0	10736242.0	11187710.0
	2.0	3.0	4.0	5.0	6.0	7.0	8.0	9.0	10.0	11.0	12.0	13.0	14.0	15.0	16.0	17.0	18.0	19.0	20.0	21.0	22.0	23.0	24.0	25.0	26.0	27.0	28.0	29.0	30.0	31.0	32.0	33.0	34.0	35.0	36.0	37.0
Res2_DNA_H3_1	23403.0	4876.0	1636.0	1060.0	1091.0	1241.0	1697.0	2187.0	2910.0	3711.0	4877.0	6581.0	9258.0	12711.0	18504.0	26456.0	36425.0	49775.0	67741.0	93067.0	128836.0	177281.0	247632.0	342726.0	466736.0	621562.0	815382.0	1060616.0	1368473.0	1778727.0	2351051.0	3208245.0	4602613.0	7149172.0	12133530.0	10107045.0
	2.0	3.0	4.0	5.0	6.0	7.0	8.0	9.0	10.0	11.0	12.0	13.0	14.0	15.0	16.0	17.0	18.0	19.0	20.0	21.0	22.0	23.0	24.0	25.0	26.0	27.0	28.0	29.0	30.0	31.0	32.0	33.0	34.0	35.0	36.0	37.0
Res2_DNA_H3_2	109700.0	66152.0	44979.0	38277.0	35953.0	38682.0	44236.0	51644.0	62057.0	75192.0	91880.0	114832.0	144406.0	182256.0	226957.0	279071.0	339173.0	409055.0	484947.0	568652.0	661460.0	763296.0	876413.0	1001509.0	1142293.0	1303752.0	1491907.0	1715838.0	1994367.0	2347997.0	2816832.0	3460506.0	4383483.0	5746646.0	7712340.0	6102094.0
	2.0	3.0	4.0	5.0	6.0	7.0	8.0	9.0	10.0	11.0	12.0	13.0	14.0	15.0	16.0	17.0	18.0	19.0	20.0	21.0	22.0	23.0	24.0	25.0	26.0	27.0	28.0	29.0	30.0	31.0	32.0	33.0	34.0	35.0	36.0	37.0	38.0	39.0
Res2_DNA_H4_1	23246.0	4636.0	1556.0	1062.0	999.0	1217.0	1541.0	2051.0	2600.0	3326.0	4299.0	5977.0	8105.0	11138.0	15672.0	22817.0	31134.0	42009.0	58176.0	80557.0	112471.0	158406.0	223662.0	314160.0	432423.0	579166.0	758787.0	984959.0	1263995.0	1633794.0	2142540.0	2891112.0	4079615.0	6172321.0	9936932.0	7727105.0	1305466.0	3555305.0
	2.0	3.0	4.0	5.0	6.0	7.0	8.0	9.0	10.0	11.0	12.0	13.0	14.0	15.0	16.0	17.0	18.0	19.0	20.0	21.0	22.0	23.0	24.0	25.0	26.0	27.0	28.0	29.0	30.0	31.0	32.0	33.0	34.0	35.0	36.0	37.0	38.0	39.0
Res2_DNA_H4_2	106913.0	57175.0	40147.0	34401.0	32944.0	35658.0	40241.0	46806.0	55150.0	65792.0	80339.0	98841.0	123345.0	153748.0	190972.0	234310.0	287663.0	353505.0	435912.0	522043.0	607566.0	701350.0	801860.0	914575.0	1035523.0	1173899.0	1332065.0	1522436.0	1755976.0	2050524.0	2438391.0	2967910.0	3724936.0	4827210.0	6466671.0	5721312.0	1732533.0	1823695.0
	2.0	3.0	4.0	5.0	6.0	7.0	8.0	9.0	10.0	11.0	12.0	13.0	14.0	15.0	16.0	17.0	18.0	19.0	20.0	21.0	22.0	23.0	24.0	25.0	26.0	27.0	28.0	29.0	30.0	31.0	32.0	33.0	34.0	35.0	36.0	37.0
Res2_DNA_H5_1	22615.0	4545.0	1735.0	1111.0	1321.0	1512.0	1986.0	2706.0	3302.0	4298.0	5666.0	7591.0	10713.0	14784.0	20694.0	28947.0	38938.0	53104.0	71999.0	97762.0	136542.0	189113.0	262601.0	364923.0	491235.0	652992.0	850840.0	1094200.0	1406743.0	1815071.0	2376837.0	3205672.0	4535147.0	6812176.0	10661169.0	7186707.0
	2.0	3.0	4.0	5.0	6.0	7.0	8.0	9.0	10.0	11.0	12.0	13.0	14.0	15.0	16.0	17.0	18.0	19.0	20.0	21.0	22.0	23.0	24.0	25.0	26.0	27.0	28.0	29.0	30.0	31.0	32.0	33.0	34.0	35.0	36.0	37.0
Res2_DNA_H5_2	101952.0	55514.0	38957.0	33356.0	31943.0	34777.0	39463.0	47109.0	56130.0	68205.0	84637.0	105237.0	131964.0	166158.0	206431.0	255172.0	312883.0	379697.0	455614.0	541315.0	636498.0	739273.0	853841.0	977714.0	1122153.0	1278992.0	1467010.0	1683224.0	1949182.0	2281558.0	2711009.0	3288463.0	4084114.0	5181408.0	6498371.0	4537973.0
	2.0	3.0	4.0	5.0	6.0	7.0	8.0	9.0	10.0	11.0	12.0	13.0	14.0	15.0	16.0	17.0	18.0	19.0	20.0	21.0	22.0	23.0	24.0	25.0	26.0	27.0	28.0	29.0	30.0	31.0	32.0	33.0	34.0	35.0	36.0	37.0	38.0	39.0
Res2_DNA_H6_1	21338.0	4335.0	1527.0	1001.0	953.0	1093.0	1528.0	1929.0	2486.0	3204.0	4070.0	5465.0	7611.0	10601.0	14970.0	20484.0	28709.0	38909.0	53227.0	73264.0	102175.0	142529.0	202045.0	286369.0	396298.0	532665.0	706190.0	922710.0	1194160.0	1554377.0	2048874.0	2794987.0	3998197.0	6228007.0	10861829.0	10296763.0	855190.0	2671834.0
	2.0	3.0	4.0	5.0	6.0	7.0	8.0	9.0	10.0	11.0	12.0	13.0	14.0	15.0	16.0	17.0	18.0	19.0	20.0	21.0	22.0	23.0	24.0	25.0	26.0	27.0	28.0	29.0	30.0	31.0	32.0	33.0	34.0	35.0	36.0	37.0	38.0	39.0
Res2_DNA_H6_2	87474.0	50168.0	36067.0	30659.0	29038.0	30754.0	35482.0	41299.0	48568.0	59080.0	71499.0	89452.0	110972.0	138385.0	172521.0	212659.0	260682.0	317532.0	387822.0	462763.0	544701.0	635258.0	732497.0	840201.0	965663.0	1107496.0	1272790.0	1467323.0	1715470.0	2028282.0	2450941.0	3037852.0	3903124.0	5257391.0	7474620.0	7137589.0	1219964.0	1627865.0
	2.0	3.0	4.0	5.0	6.0	7.0	8.0	9.0	10.0	11.0	12.0	13.0	14.0	15.0	16.0	17.0	18.0	19.0	20.0	21.0	22.0	23.0	24.0	25.0	26.0	27.0	28.0	29.0	30.0	31.0	32.0	33.0	34.0	35.0	36.0	37.0
Res2_DNA_I1_1	14441.0	900.0	348.0	572.0	913.0	1345.0	1827.0	2479.0	3120.0	4343.0	5626.0	7579.0	10505.0	15097.0	21510.0	29265.0	39206.0	52090.0	69554.0	92738.0	126017.0	173054.0	240565.0	330905.0	450836.0	601748.0	787690.0	1022161.0	1321284.0	1712487.0	2255551.0	3052799.0	4313775.0	6521994.0	10355654.0	7220173.0
	2.0	3.0	4.0	5.0	6.0	7.0	8.0	9.0	10.0	11.0	12.0	13.0	14.0	15.0	16.0	17.0	18.0	19.0	20.0	21.0	22.0	23.0	24.0	25.0	26.0	27.0	28.0	29.0	30.0	31.0	32.0	33.0	34.0	35.0	36.0	37.0
Res2_DNA_I1_2	56910.0	39536.0	30326.0	27408.0	26470.0	29099.0	33834.0	41200.0	49231.0	60234.0	75220.0	94898.0	118937.0	148545.0	184308.0	223759.0	271856.0	325960.0	385112.0	453435.0	533243.0	619485.0	715966.0	825204.0	951430.0	1093032.0	1261685.0	1459544.0	1706363.0	2019670.0	2423193.0	2992336.0	3798416.0	5001278.0	6830366.0	5952662.0
	2.0	3.0	4.0	5.0	6.0	7.0	8.0	9.0	10.0	11.0	12.0	13.0	14.0	15.0	16.0	17.0	18.0	19.0	20.0	21.0	22.0	23.0	24.0	25.0	26.0	27.0	28.0	29.0	30.0	31.0	32.0	33.0	34.0	35.0	36.0	37.0	38.0	39.0
Res2_DNA_I2_1	13923.0	837.0	480.0	766.0	1182.0	1557.0	2211.0	2865.0	3748.0	4785.0	6429.0	8532.0	11881.0	16279.0	23393.0	31558.0	42784.0	56245.0	75200.0	100373.0	136406.0	191058.0	273617.0	390581.0	549844.0	752375.0	1001158.0	1303270.0	1675258.0	2139048.0	2743878.0	3589186.0	4866537.0	6913921.0	10032812.0	8156630.0	8164367.0	22570397.0
	2.0	3.0	4.0	5.0	6.0	7.0	8.0	9.0	10.0	11.0	12.0	13.0	14.0	15.0	16.0	17.0	18.0	19.0	20.0	21.0	22.0	23.0	24.0	25.0	26.0	27.0	28.0	29.0	30.0	31.0	32.0	33.0	34.0	35.0	36.0	37.0	38.0	39.0
Res2_DNA_I2_2	155518.0	77599.0	63043.0	57826.0	57948.0	62861.0	70128.0	80959.0	93855.0	110619.0	131884.0	159854.0	194840.0	234819.0	281708.0	333854.0	399392.0	498315.0	646661.0	784139.0	911714.0	1039706.0	1172571.0	1314114.0	1463976.0	1633326.0	1825140.0	2051211.0	2326205.0	2672837.0	3123811.0	3731938.0	4578150.0	5824267.0	7662342.0	8572244.0	11482759.0	9973238.0
	2.0	3.0	4.0	5.0	6.0	7.0	8.0	9.0	10.0	11.0	12.0	13.0	14.0	15.0	16.0	17.0	18.0	19.0	20.0	21.0	22.0	23.0	24.0	25.0	26.0	27.0	28.0	29.0	30.0	31.0	32.0	33.0	34.0	35.0	36.0	37.0	38.0	39.0
Res2_DNA_I3_1	16341.0	1019.0	354.0	476.0	668.0	980.0	1387.0	1858.0	2375.0	3043.0	4118.0	5644.0	8098.0	11208.0	16282.0	22794.0	30890.0	42608.0	58383.0	79964.0	111804.0	157674.0	224082.0	318021.0	439324.0	594018.0	785940.0	1022273.0	1326876.0	1723105.0	2266397.0	3063161.0	4330688.0	6537430.0	10338356.0	7246612.0	1010930.0	3032493.0
	2.0	3.0	4.0	5.0	6.0	7.0	8.0	9.0	10.0	11.0	12.0	13.0	14.0	15.0	16.0	17.0	18.0	19.0	20.0	21.0	22.0	23.0	24.0	25.0	26.0	27.0	28.0	29.0	30.0	31.0	32.0	33.0	34.0	35.0	36.0	37.0	38.0	39.0
Res2_DNA_I3_2	74957.0	44537.0	31458.0	27115.0	25952.0	28239.0	32632.0	38572.0	46100.0	55234.0	68615.0	85169.0	107526.0	135838.0	169544.0	208806.0	258305.0	317441.0	389287.0	469780.0	555632.0	650091.0	752681.0	868924.0	997057.0	1141729.0	1310809.0	1509609.0	1753940.0	2067550.0	2481058.0	3043632.0	3851004.0	5067963.0	6904192.0	6147893.0	1485521.0	1633282.0
	2.0	3.0	4.0	5.0	6.0	7.0	8.0	9.0	10.0	11.0	12.0	13.0	14.0	15.0	16.0	17.0	18.0	19.0	20.0	21.0	22.0	23.0	24.0	25.0	26.0	27.0	28.0	29.0	30.0	31.0	32.0	33.0	34.0	35.0	36.0	37.0
Res2_DNA_I4_1	16245.0	918.0	322.0	417.0	755.0	1025.0	1419.0	1893.0	2391.0	3306.0	4184.0	5812.0	8014.0	11427.0	15798.0	22115.0	30222.0	41938.0	56603.0	77685.0	108253.0	152464.0	216326.0	302249.0	419239.0	564384.0	747669.0	977098.0	1270748.0	1661914.0	2206765.0	3015057.0	4330776.0	6721649.0	11322894.0	8613084.0
	2.0	3.0	4.0	5.0	6.0	7.0	8.0	9.0	10.0	11.0	12.0	13.0	14.0	15.0	16.0	17.0	18.0	19.0	20.0	21.0	22.0	23.0	24.0	25.0	26.0	27.0	28.0	29.0	30.0	31.0	32.0	33.0	34.0	35.0	36.0	37.0
Res2_DNA_I4_2	47771.0	30892.0	23072.0	20339.0	19045.0	21084.0	25140.0	30561.0	36438.0	44194.0	54995.0	69865.0	87806.0	112147.0	139990.0	175126.0	216311.0	267903.0	322753.0	390255.0	463367.0	548923.0	645838.0	752860.0	879207.0	1025119.0	1193761.0	1403054.0	1656662.0	1983367.0	2421301.0	3040118.0	3950095.0	5385485.0	7816744.0	7631470.0
	2.0	3.0	4.0	5.0	6.0	7.0	8.0	9.0	10.0	11.0	12.0	13.0	14.0	15.0	16.0	17.0	18.0	19.0	20.0	21.0	22.0	23.0	24.0	25.0	26.0	27.0	28.0	29.0	30.0	31.0	32.0	33.0	34.0	35.0	36.0	37.0	38.0	39.0
Res2_DNA_I5_1	15115.0	966.0	472.0	747.0	1257.0	1720.0	2475.0	3243.0	4145.0	5550.0	7263.0	9826.0	13828.0	19384.0	26788.0	36512.0	49041.0	64495.0	84905.0	112705.0	149711.0	201897.0	278805.0	380866.0	514565.0	682453.0	892146.0	1146521.0	1470071.0	1893915.0	2463507.0	3301536.0	4573548.0	6682327.0	9855609.0	6294179.0	1339685.0	4174461.0
	2.0	3.0	4.0	5.0	6.0	7.0	8.0	9.0	10.0	11.0	12.0	13.0	14.0	15.0	16.0	17.0	18.0	19.0	20.0	21.0	22.0	23.0	24.0	25.0	26.0	27.0	28.0	29.0	30.0	31.0	32.0	33.0	34.0	35.0	36.0	37.0	38.0	39.0
Res2_DNA_I5_2	76899.0	51985.0	40696.0	36206.0	35217.0	38236.0	43184.0	51680.0	62339.0	74994.0	93256.0	115218.0	143766.0	178114.0	216262.0	260824.0	312636.0	375140.0	447111.0	527194.0	614965.0	709224.0	811780.0	931140.0	1062559.0	1213026.0	1383207.0	1589264.0	1839619.0	2152904.0	2563375.0	3118731.0	3888812.0	5008515.0	6621637.0	5890664.0	1996491.0	2179369.0
	2.0	3.0	4.0	5.0	6.0	7.0	8.0	9.0	10.0	11.0	12.0	13.0	14.0	15.0	16.0	17.0	18.0	19.0	20.0	21.0	22.0	23.0	24.0	25.0	26.0	27.0	28.0	29.0	30.0	31.0	32.0	33.0	34.0	35.0	36.0	37.0
Res2_DNA_I6_1	18015.0	1097.0	414.0	490.0	922.0	1300.0	1795.0	2326.0	2977.0	4031.0	5363.0	7160.0	9911.0	14122.0	19902.0	26779.0	36580.0	49234.0	64379.0	85804.0	117789.0	159162.0	222386.0	309425.0	421535.0	564603.0	743461.0	970005.0	1260220.0	1640841.0	2173420.0	2961520.0	4246593.0	6553834.0	10822155.0	8095070.0
	2.0	3.0	4.0	5.0	6.0	7.0	8.0	9.0	10.0	11.0	12.0	13.0	14.0	15.0	16.0	17.0	18.0	19.0	20.0	21.0	22.0	23.0	24.0	25.0	26.0	27.0	28.0	29.0	30.0	31.0	32.0	33.0	34.0	35.0	36.0	37.0
Res2_DNA_I6_2	68215.0	44077.0	31941.0	27045.0	25613.0	27372.0	31547.0	36619.0	44905.0	54195.0	67234.0	83417.0	104730.0	131262.0	163165.0	198626.0	240092.0	287884.0	341989.0	407339.0	479325.0	562910.0	654717.0	763411.0	886090.0	1029812.0	1193944.0	1395129.0	1643552.0	1963957.0	2386061.0	2983631.0	3851527.0	5189804.0	7362555.0	6850928.0
	2.0	3.0	4.0	5.0	6.0	7.0	8.0	9.0	10.0	11.0	12.0	13.0	14.0	15.0	16.0	17.0	18.0	19.0	20.0	21.0	22.0	23.0	24.0	25.0	26.0	27.0	28.0	29.0	30.0	31.0	32.0	33.0	34.0	35.0	36.0	37.0	38.0	39.0
Res2_DNA_J1_1	18513.0	1173.0	410.0	593.0	892.0	1266.0	1636.0	2325.0	2947.0	3755.0	5122.0	6938.0	9683.0	13569.0	18979.0	25871.0	34435.0	46247.0	61148.0	81469.0	111122.0	153421.0	215512.0	301429.0	415486.0	560319.0	740566.0	959744.0	1242999.0	1610617.0	2114143.0	2856115.0	4043265.0	6166868.0	10098009.0	7969462.0	1509568.0	5068861.0
	2.0	3.0	4.0	5.0	6.0	7.0	8.0	9.0	10.0	11.0	12.0	13.0	14.0	15.0	16.0	17.0	18.0	19.0	20.0	21.0	22.0	23.0	24.0	25.0	26.0	27.0	28.0	29.0	30.0	31.0	32.0	33.0	34.0	35.0	36.0	37.0	38.0	39.0
Res2_DNA_J1_2	101651.0	57397.0	39981.0	33932.0	31502.0	34075.0	38050.0	43851.0	52090.0	62505.0	76665.0	94434.0	116753.0	145199.0	176101.0	214837.0	259338.0	315370.0	380130.0	453161.0	531401.0	620405.0	715692.0	821083.0	943272.0	1082448.0	1242007.0	1434885.0	1672157.0	1975340.0	2373541.0	2926872.0	3731583.0	4959883.0	6891578.0	6570243.0	2343633.0	2911432.0
	2.0	3.0	4.0	5.0	6.0	7.0	8.0	9.0	10.0	11.0	12.0	13.0	14.0	15.0	16.0	17.0	18.0	19.0	20.0	21.0	22.0	23.0	24.0	25.0	26.0	27.0	28.0	29.0	30.0	31.0	32.0	33.0	34.0	35.0	36.0	37.0
Res2_DNA_J2_1	17565.0	1148.0	379.0	489.0	883.0	1064.0	1492.0	2054.0	2626.0	3532.0	4548.0	6037.0	8596.0	12082.0	17029.0	22612.0	30624.0	40470.0	54012.0	72573.0	99784.0	139241.0	198720.0	281092.0	386917.0	528511.0	702311.0	921826.0	1202674.0	1582894.0	2112453.0	2911411.0	4240989.0	6754201.0	11890429.0	10000146.0
	2.0	3.0	4.0	5.0	6.0	7.0	8.0	9.0	10.0	11.0	12.0	13.0	14.0	15.0	16.0	17.0	18.0	19.0	20.0	21.0	22.0	23.0	24.0	25.0	26.0	27.0	28.0	29.0	30.0	31.0	32.0	33.0	34.0	35.0	36.0	37.0
Res2_DNA_J2_2	67657.0	38774.0	27440.0	22361.0	20983.0	22096.0	25198.0	29372.0	34822.0	42833.0	52594.0	65566.0	81386.0	101335.0	125334.0	155185.0	188751.0	229157.0	278233.0	334116.0	400281.0	476020.0	566392.0	669426.0	788369.0	931946.0	1098136.0	1302098.0	1561077.0	1892650.0	2342041.0	2990370.0	3973081.0	5614170.0	8613426.0	9090738.0
	2.0	3.0	4.0	5.0	6.0	7.0	8.0	9.0	10.0	11.0	12.0	13.0	14.0	15.0	16.0	17.0	18.0	19.0	20.0	21.0	22.0	23.0	24.0	25.0	26.0	27.0	28.0	29.0	30.0	31.0	32.0	33.0	34.0	35.0	36.0	37.0
Res2_DNA_J4_1	16767.0	1120.0	391.0	564.0	923.0	1353.0	1676.0	2240.0	2954.0	3867.0	5117.0	6755.0	9455.0	13461.0	19013.0	26097.0	34838.0	46126.0	61196.0	81726.0	110709.0	152953.0	213351.0	295593.0	406970.0	547315.0	722848.0	943055.0	1224423.0	1598244.0	2116922.0	2887484.0	4139859.0	6431907.0	10894340.0	8609694.0
	2.0	3.0	4.0	5.0	6.0	7.0	8.0	9.0	10.0	11.0	12.0	13.0	14.0	15.0	16.0	17.0	18.0	19.0	20.0	21.0	22.0	23.0	24.0	25.0	26.0	27.0	28.0	29.0	30.0	31.0	32.0	33.0	34.0	35.0	36.0	37.0
Res2_DNA_J4_2	97322.0	59844.0	39810.0	33127.0	30884.0	32984.0	37021.0	43009.0	52046.0	62683.0	76997.0	94942.0	118168.0	147016.0	180321.0	217216.0	261686.0	312208.0	369693.0	434945.0	511555.0	595990.0	690995.0	798252.0	922713.0	1065653.0	1229958.0	1434765.0	1676306.0	1994214.0	2415256.0	2999683.0	3847592.0	5153348.0	7199108.0	6393996.0
	2.0	3.0	4.0	5.0	6.0	7.0	8.0	9.0	10.0	11.0	12.0	13.0	14.0	15.0	16.0	17.0	18.0	19.0	20.0	21.0	22.0	23.0	24.0	25.0	26.0	27.0	28.0	29.0	30.0	31.0	32.0	33.0	34.0	35.0	36.0	37.0	38.0	39.0
Res2_DNA_J5_1	16821.0	1060.0	444.0	672.0	1045.0	1424.0	2056.0	2629.0	3198.0	4185.0	5725.0	7723.0	10778.0	15097.0	20790.0	27991.0	37483.0	49738.0	65058.0	87223.0	117703.0	162143.0	224993.0	313943.0	428023.0	575770.0	762322.0	990080.0	1280800.0	1671069.0	2206916.0	3002384.0	4295178.0	6578850.0	10590543.0	7344164.0	496633.0	1762891.0
	2.0	3.0	4.0	5.0	6.0	7.0	8.0	9.0	10.0	11.0	12.0	13.0	14.0	15.0	16.0	17.0	18.0	19.0	20.0	21.0	22.0	23.0	24.0	25.0	26.0	27.0	28.0	29.0	30.0	31.0	32.0	33.0	34.0	35.0	36.0	37.0	38.0	39.0
Res2_DNA_J5_2	80418.0	47726.0	33761.0	28082.0	26893.0	28295.0	32149.0	37809.0	44652.0	53916.0	67606.0	84721.0	105384.0	131613.0	160032.0	194846.0	235832.0	283320.0	340703.0	405140.0	476887.0	563484.0	657280.0	765596.0	890998.0	1038430.0	1207220.0	1407872.0	1658211.0	1977953.0	2406342.0	2992247.0	3845858.0	5152921.0	7240141.0	6650445.0	841698.0	969064.0
	2.0	3.0	4.0	5.0	6.0	7.0	8.0	9.0	10.0	11.0	12.0	13.0	14.0	15.0	16.0	17.0	18.0	19.0	20.0	21.0	22.0	23.0	24.0	25.0	26.0	27.0	28.0	29.0	30.0	31.0	32.0	33.0	34.0	35.0	36.0	37.0	38.0	39.0
Res2_DNA_J6_1	15550.0	1059.0	504.0	681.0	1166.0	1683.0	2282.0	2925.0	3957.0	5035.0	6758.0	9007.0	12489.0	17652.0	24407.0	32604.0	43155.0	55860.0	72767.0	94290.0	125703.0	169324.0	233110.0	319277.0	434075.0	580175.0	765793.0	994160.0	1289707.0	1683960.0	2222500.0	3026429.0	4313752.0	6596700.0	10554111.0	7443666.0	731828.0	2756116.0
	2.0	3.0	4.0	5.0	6.0	7.0	8.0	9.0	10.0	11.0	12.0	13.0	14.0	15.0	16.0	17.0	18.0	19.0	20.0	21.0	22.0	23.0	24.0	25.0	26.0	27.0	28.0	29.0	30.0	31.0	32.0	33.0	34.0	35.0	36.0	37.0	38.0	39.0
Res2_DNA_J6_2	95098.0	52901.0	37308.0	31679.0	29741.0	31999.0	36322.0	42929.0	50928.0	62316.0	77686.0	97110.0	120114.0	147848.0	179192.0	215746.0	256408.0	303500.0	356689.0	423926.0	496228.0	579899.0	676311.0	787710.0	918332.0	1067514.0	1243400.0	1457779.0	1720749.0	2054143.0	2499966.0	3109766.0	3971889.0	5252926.0	7104242.0	6107948.0	1278077.0	1667898.0

