	126
Res2_DNA_A1_1	44002903.0
	126
Res2_DNA_A1_2	44002903.0
	126
Res2_DNA_A2_1	46128490.0
	126
Res2_DNA_A2_2	46128490.0
	126
Res2_DNA_A3_1	49852129.0
	126
Res2_DNA_A3_2	49852129.0
	126
Res2_DNA_A4_1	44276210.0
	126
Res2_DNA_A4_2	44276210.0
	126
Res2_DNA_A5_1	45913498.0
	126
Res2_DNA_A5_2	45913498.0
	126
Res2_DNA_A6_1	46359248.0
	126
Res2_DNA_A6_2	46359248.0
	126
Res2_DNA_B1_1	46308204.0
	126
Res2_DNA_B1_2	46308204.0
	126
Res2_DNA_B2_1	45044768.0
	126
Res2_DNA_B2_2	45044768.0
	126
Res2_DNA_B3_1	47129340.0
	126
Res2_DNA_B3_2	47129340.0
	126
Res2_DNA_B4_1	42970163.0
	126
Res2_DNA_B4_2	42970163.0
	126
Res2_DNA_B5_1	44391399.0
	126
Res2_DNA_B5_2	44391399.0
	126
Res2_DNA_B6_1	45829076.0
	126
Res2_DNA_B6_2	45829076.0
	126
Res2_DNA_C1_1	40511885.0
	126
Res2_DNA_C1_2	40511885.0
	126
Res2_DNA_C2_1	45368772.0
	126
Res2_DNA_C2_2	45368772.0
	30	32	34	36	38	40	42	44	46	48	50	52	54	56	58	60	62	64	66	68	70	72	74	76	78	80	82	84	86	88	90	92	94	96	98	100	102	104	106	108	110	112	114	116	118	120	122	124	126
Res2_DNA_C3_1	336.0	347.0	356.0	434.0	510.0	508.0	578.0	632.0	733.0	842.0	937.0	1097.0	1251.0	1413.0	1606.0	2014.0	2088.0	2591.0	2869.0	3348.0	3846.0	4634.0	5373.0	6322.0	7297.0	8565.0	9749.0	11292.0	12918.0	15119.0	17438.0	20166.0	23904.0	27681.0	33204.0	39110.0	45881.0	56669.0	71544.0	90856.0	116070.0	134284.0	166657.0	231822.0	361593.0	655620.0	1967896.0	11067840.0	13454890.0
	30	32	34	36	38	40	42	44	46	48	50	52	54	56	58	60	62	64	66	68	70	72	74	76	78	80	82	84	86	88	90	92	94	96	98	100	102	104	106	108	110	112	114	116	118	120	122	124	126
Res2_DNA_C3_2	4642.0	4860.0	5588.0	5135.0	5514.0	5963.0	7306.0	6978.0	7201.0	7902.0	8613.0	9280.0	10368.0	11178.0	12522.0	14138.0	15918.0	18244.0	20297.0	22566.0	24992.0	28409.0	32142.0	35846.0	41069.0	46423.0	51380.0	56682.0	64393.0	72096.0	81417.0	92448.0	105031.0	119477.0	137845.0	157713.0	182716.0	213368.0	253039.0	295786.0	351510.0	426469.0	514450.0	646260.0	864159.0	1228538.0	2062852.0	7080976.0	13221031.0
	126
Res2_DNA_C4_1	42203771.0
	126
Res2_DNA_C4_2	42203771.0
	126
Res2_DNA_C5_1	42534741.0
	126
Res2_DNA_C5_2	42534741.0
	126
Res2_DNA_C6_1	43695345.0
	126
Res2_DNA_C6_2	43695345.0
	126
Res2_DNA_D1_1	41184087.0
	126
Res2_DNA_D1_2	41184087.0
	126
Res2_DNA_D2_1	45774173.0
	126
Res2_DNA_D2_2	45774173.0
	126
Res2_DNA_D3_1	46556052.0
	126
Res2_DNA_D3_2	46556052.0
	126
Res2_DNA_D4_1	49816087.0
	126
Res2_DNA_D4_2	49816087.0
	126
Res2_DNA_D5_1	40494299.0
	126
Res2_DNA_D5_2	40494299.0
	126
Res2_DNA_D6_1	43081891.0
	126
Res2_DNA_D6_2	43081891.0
	126
Res2_DNA_E1_1	46546574.0
	126
Res2_DNA_E1_2	46546574.0
	126
Res2_DNA_E2_1	45911174.0
	126
Res2_DNA_E2_2	45911174.0
	126
Res2_DNA_E3_1	44122915.0
	126
Res2_DNA_E3_2	44122915.0
	126
Res2_DNA_E4_1	41678212.0
	126
Res2_DNA_E4_2	41678212.0
	126
Res2_DNA_E5_1	46064456.0
	126
Res2_DNA_E5_2	46064456.0
	126
Res2_DNA_E6_1	42776481.0
	126
Res2_DNA_E6_2	42776481.0
	126
Res2_DNA_F1_1	43484760.0
	126
Res2_DNA_F1_2	43484760.0
	126
Res2_DNA_F2_1	45726134.0
	126
Res2_DNA_F2_2	45726134.0
	126
Res2_DNA_F3_1	54780701.0
	126
Res2_DNA_F3_2	54780701.0
	126
Res2_DNA_F4_1	45613389.0
	126
Res2_DNA_F4_2	45613389.0
	126
Res2_DNA_F5_1	50671420.0
	126
Res2_DNA_F5_2	50671420.0
	126
Res2_DNA_F6_1	48483284.0
	126
Res2_DNA_F6_2	48483284.0
	126
Res2_DNA_G1_1	45290902.0
	126
Res2_DNA_G1_2	45290902.0
	126
Res2_DNA_G2_1	45510505.0
	126
Res2_DNA_G2_2	45510505.0
	126
Res2_DNA_G3_1	45081260.0
	126
Res2_DNA_G3_2	45081260.0
	126
Res2_DNA_G4_1	43131548.0
	126
Res2_DNA_G4_2	43131548.0
	126
Res2_DNA_G5_1	54452663.0
	126
Res2_DNA_G5_2	54452663.0
	126
Res2_DNA_G6_1	44284808.0
	126
Res2_DNA_G6_2	44284808.0
	126
Res2_DNA_H1_1	68492494.0
	126
Res2_DNA_H1_2	68492494.0
	126
Res2_DNA_H2_1	73879161.0
	126
Res2_DNA_H2_2	73879161.0
	126
Res2_DNA_H3_1	46928834.0
	126
Res2_DNA_H3_2	46928834.0
	126
Res2_DNA_H4_1	44594337.0
	126
Res2_DNA_H4_2	44594337.0
	126
Res2_DNA_H5_1	42437297.0
	126
Res2_DNA_H5_2	42437297.0
	126
Res2_DNA_H6_1	46091903.0
	126
Res2_DNA_H6_2	46091903.0
	126
Res2_DNA_I1_1	40860151.0
	126
Res2_DNA_I1_2	40860151.0
	126
Res2_DNA_I2_1	75855371.0
	126
Res2_DNA_I2_2	75855371.0
	126
Res2_DNA_I3_1	44837674.0
	126
Res2_DNA_I3_2	44837674.0
	126
Res2_DNA_I4_1	42933058.0
	126
Res2_DNA_I4_2	42933058.0
	126
Res2_DNA_I5_1	46756239.0
	126
Res2_DNA_I5_2	46756239.0
	126
Res2_DNA_I6_1	41614620.0
	126
Res2_DNA_I6_2	41614620.0
	126
Res2_DNA_J1_1	46474477.0
	126
Res2_DNA_J1_2	46474477.0
	126
Res2_DNA_J2_1	44253414.0
	126
Res2_DNA_J2_2	44253414.0
	126
Res2_DNA_J4_1	41631306.0
	126
Res2_DNA_J4_2	41631306.0
	126
Res2_DNA_J5_1	43165545.0
	126
Res2_DNA_J5_2	43165545.0
	126
Res2_DNA_J6_1	44644217.0
	126
Res2_DNA_J6_2	44644217.0

